Afghan,100.00%,-7.05%,-0.93%,-10.21%,-9.16%,4.84%,8.00%,-9.68%,-0.29%,-7.19%,-5.33%,-9.71%,-0.96%,-4.66%,13.31%,4.98%,-3.22%,9.36%,-7.63%,4.94%,2.50%,-2.85%,-0.70%,1.21%,-1.13%,-14.14%,-13.16%,0.77%,4.00%,-5.59%,10.45%,-1.16%,-8.14%,5.29%,-10.67%,-7.14%,16.86%,14.72%,-11.31%,-1.15%,-6.76%,-6.70%,-8.38%,-4.16%,-10.80%,-10.51%,-2.28%,13.07%,11.92%,7.98%,-3.63%,-1.09%,-8.87%,7.94%,-13.68%,-6.72%,0.08%,14.43%,8.57%,-15.21%,9.52%,-10.92%,-1.53%,0.54%,-11.86%,-11.09%,7.40%,15.10%,0.95%,3.92%,-3.60%,-2.89%,13.94%,14.78%,-0.72%,-3.66%,2.29%,-11.38%,-7.48%,3.84%,2.86%,-10.12%,19.38%,-14.35%,-2.81%,-12.94%,8.81%,25.73%,-7.51%,1.35%,-6.72%,-0.59%,-3.74%,13.61%,14.70%,-9.71%,-5.20%,-13.74%,-5.90%,3.08%,-12.61%,-15.53%
African,-7.05%,100.00%,-5.86%,-12.64%,2.23%,-10.37%,-11.75%,-11.30%,8.07%,5.38%,-8.50%,3.68%,5.60%,-1.58%,-2.54%,-1.46%,-11.01%,-0.25%,-14.15%,-1.26%,9.94%,-6.24%,6.44%,-11.83%,-1.84%,-2.81%,7.07%,-4.43%,0.33%,-10.92%,-4.88%,6.20%,12.01%,-8.90%,-10.83%,-4.43%,-5.26%,-9.13%,5.15%,2.55%,-10.99%,-1.68%,8.19%,0.18%,1.69%,1.93%,-13.09%,-5.04%,-13.06%,2.78%,1.58%,9.02%,-2.94%,1.99%,-14.64%,-1.74%,-16.14%,-8.04%,-2.54%,-0.97%,-12.86%,13.94%,-10.39%,4.24%,14.00%,-0.98%,0.87%,-7.64%,-0.90%,-1.95%,0.34%,2.67%,-15.75%,-9.30%,-1.98%,15.72%,-2.70%,19.86%,8.00%,9.77%,-7.38%,2.36%,16.11%,2.79%,3.64%,0.33%,-6.07%,-5.81%,-2.16%,-2.58%,1.15%,3.04%,-14.15%,-10.44%,5.39%,-4.51%,-7.34%,-0.43%,-6.35%,1.03%,-12.66%,1.94%
American_(New),-0.93%,-5.86%,100.00%,1.14%,-0.73%,5.20%,-12.59%,-9.32%,-5.73%,1.29%,27.19%,-4.39%,-12.53%,-3.38%,0.27%,-13.96%,-8.67%,-12.94%,-13.02%,-12.26%,-8.17%,19.71%,-10.79%,-5.90%,-2.43%,4.92%,-1.47%,14.93%,10.17%,5.43%,-4.07%,-8.56%,-2.39%,8.81%,-4.38%,-11.82%,-4.72%,10.56%,-3.27%,-1.37%,-7.94%,6.18%,1.81%,5.00%,-0.56%,2.60%,16.38%,4.80%,4.83%,6.51%,3.48%,9.80%,13.46%,1.37%,-6.20%,-10.92%,1.26%,8.66%,-2.21%,-15.20%,-2.85%,19.45%,-13.04%,-4.52%,2.25%,8.03%,9.14%,-11.91%,4.90%,-1.24%,-7.87%,12.47%,-9.50%,16.91%,0.55%,-11.83%,-9.93%,-3.56%,-6.25%,-14.24%,-1.68%,0.06%,-3.15%,9.88%,-3.02%,-0.13%,-5.63%,-5.67%,1.23%,-8.73%,-3.72%,-6.77%,-0.37%,6.28%,7.51%,2.06%,-9.95%,13.81%,-3.88%,-7.32%,2.12%,-12.57%
American_(Traditional),-10.21%,-12.64%,1.14%,100.00%,23.60%,10.85%,18.22%,5.99%,-8.00%,2.94%,0.57%,-9.94%,-0.92%,0.04%,-12.90%,-12.01%,9.15%,-1.76%,11.84%,0.12%,-5.02%,-8.78%,1.92%,0.41%,7.14%,-8.30%,-5.02%,13.29%,2.07%,0.41%,-6.00%,11.50%,-3.19%,-8.20%,1.55%,-4.33%,-7.03%,6.98%,8.78%,0.99%,-11.63%,-9.48%,0.03%,32.09%,-0.18%,-8.39%,-9.34%,1.64%,-1.73%,16.10%,14.54%,0.97%,10.56%,-7.99%,21.33%,-6.22%,2.98%,9.83%,-0.98%,-12.28%,0.46%,-9.75%,-6.93%,-10.63%,1.98%,-0.65%,-9.51%,3.74%,-4.30%,-4.71%,8.09%,-1.36%,-11.66%,-6.38%,-6.28%,9.63%,-11.17%,5.39%,-11.11%,-1.73%,6.96%,4.75%,-4.25%,6.96%,-14.38%,3.25%,4.70%,-4.97%,-5.79%,-7.57%,16.81%,-0.89%,8.17%,5.86%,-2.31%,-0.74%,2.44%,1.14%,7.37%,-5.59%,3.18%,4.52%
Arabian,-9.16%,2.23%,-0.73%,23.60%,100.00%,3.45%,20.94%,-6.33%,-7.17%,10.43%,0.92%,9.35%,-6.49%,0.75%,-9.07%,2.76%,4.43%,1.93%,6.00%,5.49%,-4.47%,-8.16%,5.81%,-0.23%,4.98%,1.74%,8.54%,38.91%,-14.63%,1.27%,17.77%,-8.46%,-2.63%,-10.71%,4.00%,-12.34%,-7.67%,5.46%,4.11%,-8.74%,1.98%,0.00%,-8.67%,-7.36%,-6.49%,-4.01%,-9.23%,2.37%,-5.46%,8.10%,-10.76%,0.27%,3.94%,-4.39%,5.59%,-10.29%,6.53%,5.65%,-5.08%,2.56%,7.28%,25.74%,-6.93%,0.18%,24.97%,-7.43%,-12.47%,-3.88%,-10.89%,-3.09%,-6.81%,-7.28%,-6.52%,5.48%,15.24%,-10.76%,-8.37%,7.51%,-6.99%,7.17%,-2.79%,9.27%,6.10%,12.44%,-9.03%,-3.59%,8.28%,-1.72%,-11.94%,4.68%,26.59%,-1.88%,4.29%,-5.93%,-9.30%,-0.03%,-4.56%,15.14%,-10.52%,-5.22%,-8.36%,7.92%
Argentine,4.84%,-10.37%,5.20%,10.85%,3.45%,100.00%,16.45%,-9.28%,-12.42%,3.66%,3.18%,-5.75%,-9.20%,-3.55%,7.57%,-2.26%,26.82%,-11.84%,-2.31%,16.26%,-10.97%,-4.87%,1.28%,3.17%,12.09%,17.73%,-10.31%,-10.39%,-2.92%,14.48%,-2.04%,4.95%,-1.88%,2.07%,-10.19%,-13.08%,18.16%,3.37%,7.60%,-16.61%,-7.74%,-6.34%,4.54%,-13.26%,-1.74%,-8.45%,13.59%,-8.92%,25.32%,-5.37%,-1.52%,7.49%,-6.90%,0.54%,5.87%,4.18%,7.45%,-3.90%,-9.26%,-3.79%,9.91%,-0.31%,-1.65%,5.03%,-7.02%,9.77%,13.34%,-11.00%,-4.56%,13.66%,6.18%,9.88%,-1.38%,1.11%,-4.05%,-7.76%,-4.44%,-7.69%,-5.76%,3.49%,9.92%,-13.04%,5.08%,-13.51%,-3.98%,0.38%,-3.31%,-0.61%,8.60%,6.03%,-12.32%,1.87%,11.83%,-7.60%,28.74%,-2.40%,-12.54%,-3.57%,7.79%,-7.14%,1.01%,-3.80%
Armenian,8.00%,-11.75%,-12.59%,18.22%,20.94%,16.45%,100.00%,11.40%,-5.96%,11.68%,3.04%,-7.03%,-5.17%,16.29%,14.95%,5.19%,1.89%,4.08%,4.05%,15.63%,-4.36%,-4.32%,22.28%,-5.55%,4.33%,5.58%,-7.65%,12.43%,-9.33%,12.62%,1.83%,12.71%,7.10%,-5.83%,4.74%,-9.51%,6.62%,-6.56%,-6.23%,-6.60%,-7.71%,2.99%,4.37%,4.54%,-7.32%,13.98%,5.17%,4.15%,-2.38%,-1.17%,13.71%,13.08%,3.22%,-8.31%,4.91%,2.18%,2.58%,5.81%,3.12%,5.29%,20.30%,-8.35%,2.46%,-7.49%,-8.22%,-4.23%,-8.70%,19.23%,-7.26%,3.80%,4.28%,-3.21%,4.81%,2.97%,-8.15%,3.31%,-0.88%,-6.87%,-3.60%,-13.18%,-8.65%,-5.39%,-10.56%,-11.60%,1.16%,-4.95%,12.23%,5.80%,-10.03%,22.74%,0.90%,-6.12%,-10.79%,4.53%,-9.30%,-1.65%,7.45%,-1.01%,3.24%,8.80%,-8.18%,18.11%
Asian_Fusion,-9.68%,-11.30%,-9.32%,5.99%,-6.33%,-9.28%,11.40%,100.00%,-8.30%,14.71%,-4.77%,9.39%,-7.13%,-6.81%,9.35%,14.72%,1.38%,4.70%,0.85%,16.81%,0.64%,-6.16%,3.39%,4.47%,0.26%,8.29%,6.58%,3.31%,13.44%,3.93%,-2.22%,12.56%,8.68%,-6.08%,7.79%,3.54%,-8.12%,-6.80%,3.81%,3.44%,-7.96%,-8.42%,20.21%,0.64%,17.32%,-6.74%,-0.89%,4.55%,-7.31%,-10.15%,-1.27%,-10.10%,-8.03%,-10.77%,6.89%,2.85%,-2.57%,3.77%,11.16%,-8.43%,5.30%,0.18%,22.30%,-2.39%,-6.96%,-2.27%,-9.10%,3.36%,0.59%,-8.08%,21.63%,6.65%,6.70%,-8.03%,5.28%,-8.13%,-3.04%,-2.27%,-1.92%,-1.87%,-7.55%,-7.06%,-14.16%,12.02%,-0.82%,6.15%,-0.47%,12.85%,-7.26%,3.23%,14.26%,-2.39%,-8.81%,-10.96%,2.12%,-1.15%,7.60%,-4.92%,8.10%,-11.22%,4.65%,8.00%
Australian,-0.29%,8.07%,-5.73%,-8.00%,-7.17%,-12.42%,-5.96%,-8.30%,100.00%,-5.51%,10.96%,18.11%,28.83%,-8.76%,-1.33%,6.95%,2.54%,-4.28%,2.37%,-1.09%,4.36%,-14.89%,-1.15%,10.65%,5.46%,6.05%,0.78%,-0.19%,-2.91%,4.59%,-14.95%,12.86%,-8.95%,-8.75%,4.20%,-4.90%,9.83%,4.95%,5.32%,2.38%,8.24%,9.33%,-4.26%,-4.82%,-6.71%,8.16%,-1.97%,-2.41%,-2.91%,15.36%,-11.44%,2.72%,-1.46%,-12.28%,-3.62%,10.58%,-0.36%,-6.92%,4.48%,-15.21%,0.85%,-1.33%,-0.58%,-11.82%,1.44%,5.76%,-13.61%,-4.66%,-14.49%,12.49%,12.54%,8.76%,10.94%,19.92%,-1.31%,-4.15%,-2.36%,4.80%,17.35%,10.55%,-1.54%,14.70%,13.89%,-9.17%,11.33%,11.90%,-14.78%,-5.81%,8.45%,7.89%,-2.81%,23.78%,-6.36%,-8.43%,-2.52%,-0.33%,2.90%,13.14%,-6.94%,17.62%,10.49%,6.93%
Austrian,-7.19%,5.38%,1.29%,2.94%,10.43%,3.66%,11.68%,14.71%,-5.51%,100.00%,-10.85%,3.07%,-9.49%,11.74%,9.50%,5.32%,-5.27%,-13.12%,6.25%,15.45%,-0.86%,-6.71%,-3.03%,0.51%,-11.12%,3.10%,21.73%,2.94%,-1.60%,12.98%,-1.39%,12.73%,1.29%,1.28%,18.00%,0.42%,-2.59%,-3.65%,-6.28%,-8.15%,0.10%,3.65%,3.75%,-5.80%,-5.19%,-5.84%,3.14%,15.04%,-11.32%,-7.24%,-6.19%,-6.69%,8.61%,-0.41%,2.47%,12.13%,0.82%,6.65%,13.55%,-15.01%,1.79%,-4.28%,-3.68%,-17.32%,-4.18%,-0.44%,-5.89%,1.85%,8.92%,-1.07%,5.77%,-6.21%,5.83%,-3.25%,5.36%,-1.17%,6.58%,11.32%,15.26%,8.55%,13.10%,0.01%,-10.73%,10.73%,1.54%,-10.66%,-2.33%,-5.10%,-7.01%,-3.13%,25.12%,-4.89%,-12.85%,-3.96%,0.59%,-0.33%,-13.09%,-7.48%,4.75%,3.22%,-5.23%,-8.53%
Bangladeshi,-5.33%,-8.50%,27.19%,0.57%,0.92%,3.18%,3.04%,-4.77%,10.96%,-10.85%,100.00%,11.05%,-8.79%,-8.34%,-6.08%,-3.42%,-2.74%,4.67%,-1.76%,-16.96%,3.26%,-13.13%,3.20%,11.37%,2.51%,5.27%,17.48%,2.19%,-11.26%,-3.21%,5.86%,-3.76%,-0.15%,7.58%,5.40%,-6.97%,-12.75%,-9.93%,11.04%,0.99%,-2.57%,-1.44%,-9.21%,-1.54%,3.33%,6.51%,-11.71%,3.56%,15.81%,-10.07%,15.77%,-6.07%,-3.51%,0.57%,-5.01%,-1.91%,4.70%,-0.28%,4.34%,-10.95%,-7.93%,2.76%,-14.02%,-1.85%,-0.56%,1.52%,7.97%,-12.51%,6.44%,15.67%,-9.02%,-3.31%,-3.15%,23.04%,1.93%,-3.93%,-9.17%,1.23%,-6.32%,4.22%,6.82%,-9.95%,6.33%,3.53%,-14.37%,17.58%,-3.34%,1.43%,19.68%,-9.72%,4.97%,-4.86%,12.99%,4.91%,-2.21%,-1.16%,-10.31%,6.91%,-2.42%,8.14%,37.11%,12.64%
Barbeque,-9.71%,3.68%,-4.39%,-9.94%,9.35%,-5.75%,-7.03%,9.39%,18.11%,3.07%,11.05%,100.00%,-3.46%,-9.25%,13.31%,3.93%,9.13%,-5.73%,-0.95%,9.91%,-5.87%,-6.55%,5.82%,11.30%,0.53%,11.01%,7.46%,14.05%,-10.97%,-9.11%,-8.96%,-8.15%,-8.61%,-9.42%,3.62%,0.67%,-13.11%,7.77%,20.02%,-8.56%,1.24%,-11.91%,-8.59%,-7.54%,-6.23%,-5.70%,-10.13%,-5.66%,-3.40%,7.89%,-7.14%,3.45%,3.91%,-7.29%,-5.74%,5.42%,-6.04%,1.63%,1.08%,-2.70%,-3.19%,0.61%,-12.08%,0.32%,11.37%,-4.94%,-5.73%,-9.48%,-7.56%,5.80%,-11.52%,-9.30%,8.66%,8.70%,-7.31%,-13.79%,7.30%,-8.76%,-2.94%,5.19%,-5.87%,8.07%,10.80%,-4.65%,2.65%,-1.65%,-8.66%,16.92%,-3.97%,-6.16%,-5.29%,-1.29%,-5.47%,-12.51%,-8.67%,-14.55%,-8.10%,16.90%,0.49%,-10.75%,4.62%,-5.63%
Basque,-0.96%,5.60%,-12.53%,-0.92%,-6.49%,-9.20%,-5.17%,-7.13%,28.83%,-9.49%,-8.79%,-3.46%,100.00%,-4.64%,0.02%,15.79%,5.24%,-6.42%,-8.58%,2.34%,3.39%,13.02%,-10.09%,-4.46%,-2.55%,-0.35%,-5.50%,-13.45%,-12.23%,-1.83%,-0.97%,4.29%,-1.55%,-15.11%,6.28%,5.69%,14.14%,-0.92%,-8.33%,8.44%,-3.67%,7.15%,-14.43%,-14.04%,-8.83%,16.89%,-12.69%,10.16%,-4.83%,11.86%,9.45%,-4.57%,5.08%,0.49%,-10.61%,7.08%,0.85%,11.84%,-3.06%,-1.81%,6.46%,3.88%,-11.68%,-2.14%,2.70%,7.31%,-0.13%,-4.63%,-11.22%,-2.72%,5.15%,16.32%,6.45%,-7.26%,-11.57%,5.78%,-1.84%,10.05%,6.87%,-5.13%,-1.91%,17.47%,7.28%,-4.23%,-0.64%,-0.99%,-5.10%,-2.63%,-5.19%,8.95%,10.03%,16.85%,-13.09%,-11.00%,-15.44%,12.00%,28.46%,-4.83%,1.66%,8.04%,-2.86%,-13.53%
Belgian,-4.66%,-1.58%,-3.38%,0.04%,0.75%,-3.55%,16.29%,-6.81%,-8.76%,11.74%,-8.34%,-9.25%,-4.64%,100.00%,13.12%,-0.21%,5.12%,1.56%,0.96%,-8.97%,10.78%,1.05%,6.11%,-0.98%,9.36%,-7.54%,-8.60%,11.25%,1.44%,12.00%,3.05%,-12.37%,1.34%,-8.16%,7.25%,-14.70%,-4.59%,7.98%,2.05%,16.47%,-5.49%,-3.33%,-0.20%,-2.10%,-8.68%,18.17%,0.82%,4.33%,-10.53%,-8.59%,-2.25%,4.13%,-5.07%,-10.05%,2.07%,-14.84%,1.07%,10.43%,-3.42%,-1.93%,-8.89%,-1.73%,14.73%,-5.19%,-9.91%,0.49%,5.47%,18.17%,-7.97%,8.49%,-3.15%,-9.59%,-13.30%,0.55%,-1.04%,5.75%,-3.93%,-11.76%,11.41%,-6.09%,14.02%,14.08%,-7.08%,-12.74%,-4.43%,3.91%,-2.73%,-12.79%,-4.97%,10.36%,7.00%,0.54%,-5.82%,15.59%,-6.35%,5.16%,-5.44%,-8.17%,-2.56%,1.26%,-0.53%,-15.16%
Brasseries,13.31%,-2.54%,0.27%,-12.90%,-9.07%,7.57%,14.95%,9.35%,-1.33%,9.50%,-6.08%,13.31%,0.02%,13.12%,100.00%,3.91%,-4.75%,-3.63%,10.16%,12.40%,3.39%,2.77%,-4.43%,6.38%,-7.11%,11.17%,4.25%,3.69%,3.43%,14.82%,5.70%,0.09%,-6.31%,9.17%,4.44%,-5.38%,19.01%,3.98%,-9.60%,-4.36%,-3.38%,7.02%,2.35%,-12.17%,-4.54%,1.35%,13.08%,-5.53%,-8.29%,-3.34%,-10.99%,-6.46%,14.17%,-11.07%,-11.49%,-5.17%,-0.15%,15.69%,3.41%,2.84%,0.64%,-14.17%,-0.88%,-5.53%,-9.49%,-2.52%,0.48%,-9.99%,-14.28%,2.58%,-1.09%,-4.84%,-4.63%,-5.62%,1.07%,-11.41%,-2.91%,-13.15%,1.33%,7.96%,12.66%,0.18%,4.23%,-12.51%,14.69%,-3.10%,-4.66%,8.15%,-8.25%,13.97%,-3.62%,0.52%,2.16%,3.43%,4.62%,-14.74%,7.68%,-8.19%,8.69%,-8.85%,-9.06%,-5.64%
Brazilian,4.98%,-1.46%,-13.96%,-12.01%,2.76%,-2.26%,5.19%,14.72%,6.95%,5.32%,-3.42%,3.93%,15.79%,-0.21%,3.91%,100.00%,-2.55%,2.43%,-5.82%,6.45%,-9.80%,-9.40%,-0.92%,6.16%,1.46%,-1.12%,-8.52%,-0.70%,-1.91%,-5.99%,2.31%,0.20%,-15.12%,-10.02%,11.22%,-0.90%,6.35%,-10.73%,0.47%,0.17%,-1.92%,-8.61%,-15.91%,-8.68%,-6.98%,4.65%,2.68%,12.21%,7.63%,-7.67%,7.11%,-5.60%,-13.35%,-8.69%,-0.48%,6.63%,-4.07%,-1.76%,12.45%,3.86%,4.47%,-4.30%,-11.61%,-14.55%,9.74%,10.97%,1.34%,-0.06%,-5.06%,-7.26%,-3.28%,8.20%,-2.64%,-5.15%,9.31%,8.81%,-11.61%,-4.83%,15.22%,-1.45%,9.29%,21.39%,-8.36%,-1.20%,21.19%,-11.66%,6.93%,7.08%,-5.63%,10.98%,8.59%,2.73%,-3.18%,-11.95%,0.54%,-7.53%,4.03%,-9.68%,-10.80%,31.80%,-12.16%,-1.97%
Breakfast_&_Brunch,-3.22%,-11.01%,-8.67%,9.15%,4.43%,26.82%,1.89%,1.38%,2.54%,-5.27%,-2.74%,9.13%,5.24%,5.12%,-4.75%,-2.55%,100.00%,-1.96%,-11.21%,6.91%,-0.06%,3.51%,-1.63%,4.05%,3.57%,-7.41%,0.61%,-2.36%,-5.56%,6.98%,-4.57%,1.74%,-5.38%,-10.90%,0.33%,-10.45%,0.05%,6.17%,-1.50%,-14.79%,-11.54%,-12.86%,-3.55%,-15.70%,10.62%,-10.51%,-10.11%,-4.86%,-10.43%,-2.97%,-13.01%,-1.62%,-3.84%,-6.00%,11.99%,-10.62%,-12.18%,4.22%,-7.29%,-6.31%,-2.25%,16.64%,6.94%,-12.94%,-4.43%,3.32%,-7.49%,-5.54%,-10.76%,-2.98%,-6.03%,-0.36%,-12.17%,2.24%,-10.64%,-10.74%,11.24%,0.12%,-4.49%,-4.28%,3.45%,-3.38%,-10.57%,-13.54%,7.09%,4.61%,-5.89%,1.53%,-0.20%,1.29%,-6.17%,5.65%,-4.66%,-16.42%,-3.02%,-7.56%,5.15%,-3.54%,3.23%,-8.05%,-5.29%,-13.04%
British,9.36%,-0.25%,-12.94%,-1.76%,1.93%,-11.84%,4.08%,4.70%,-4.28%,-13.12%,4.67%,-5.73%,-6.42%,1.56%,-3.63%,2.43%,-1.96%,100.00%,5.07%,7.27%,12.00%,-7.36%,8.27%,9.73%,4.07%,0.82%,10.77%,-0.42%,-6.24%,-3.36%,3.23%,0.57%,-0.48%,-1.39%,-7.39%,23.83%,-13.45%,-11.39%,-1.19%,4.72%,10.74%,12.38%,-0.15%,-10.11%,-1.04%,-1.92%,6.15%,10.67%,-10.18%,-13.13%,-7.73%,-1.38%,-9.60%,-9.68%,12.70%,3.12%,9.50%,-0.59%,1.93%,6.11%,6.05%,9.43%,9.06%,6.36%,-11.58%,-5.61%,-1.20%,9.85%,-3.11%,-12.48%,-4.25%,-7.42%,-3.80%,-0.10%,-3.68%,28.13%,-12.23%,-12.98%,2.41%,-0.53%,-2.79%,-6.70%,1.22%,-9.88%,-13.88%,-2.27%,16.60%,7.57%,-12.23%,-1.85%,-6.96%,-1.11%,3.75%,3.84%,-1.87%,0.85%,1.36%,1.14%,10.32%,0.06%,7.20%,4.26%
Buffets,-7.63%,-14.15%,-13.02%,11.84%,6.00%,-2.31%,4.05%,0.85%,2.37%,6.25%,-1.76%,-0.95%,-8.58%,0.96%,10.16%,-5.82%,-11.21%,5.07%,100.00%,-1.55%,2.83%,-10.25%,12.49%,8.60%,21.52%,-11.82%,6.30%,-11.16%,-8.66%,7.10%,23.70%,-4.39%,-5.40%,-13.24%,8.05%,2.98%,5.70%,-13.96%,10.07%,-15.90%,30.92%,2.26%,9.15%,7.70%,-9.31%,-0.17%,11.21%,-9.53%,-0.04%,-2.05%,-1.17%,-4.62%,4.22%,-9.25%,-2.81%,13.47%,1.54%,-0.52%,11.75%,-3.39%,1.20%,-3.45%,2.86%,5.05%,-7.80%,2.22%,-11.48%,-6.38%,7.13%,14.04%,19.24%,-15.58%,-6.14%,-8.50%,3.66%,7.11%,1.83%,20.01%,-1.68%,-5.54%,3.36%,11.23%,-6.91%,-10.77%,8.24%,-2.02%,21.99%,-6.98%,-9.26%,1.88%,13.59%,1.36%,-2.97%,4.08%,2.91%,-9.69%,18.46%,-6.45%,14.94%,-5.45%,12.88%,15.60%
Burgers,4.94%,-1.26%,-12.26%,0.12%,5.49%,16.26%,15.63%,16.81%,-1.09%,15.45%,-16.96%,9.91%,2.34%,-8.97%,12.40%,6.45%,6.91%,7.27%,-1.55%,100.00%,-5.17%,-7.80%,12.98%,5.44%,-0.80%,-1.08%,-1.17%,-11.15%,-8.50%,15.14%,4.92%,3.63%,5.18%,-10.06%,-5.55%,-2.89%,12.20%,-3.83%,-12.72%,-9.73%,-9.22%,1.67%,5.57%,-9.56%,-7.09%,11.20%,-8.29%,-8.64%,4.35%,-8.09%,-11.88%,-0.51%,0.87%,0.13%,0.43%,-14.74%,-0.44%,13.08%,-10.33%,5.67%,22.00%,-12.52%,6.80%,-9.03%,-10.44%,-3.32%,-4.97%,-11.84%,20.77%,0.42%,1.95%,-8.05%,0.55%,-9.59%,-8.96%,-10.34%,2.80%,-12.60%,-14.58%,12.18%,1.42%,-9.22%,-11.00%,-6.71%,5.91%,-2.80%,-1.55%,-2.17%,-16.39%,-8.55%,10.65%,-7.27%,4.47%,-2.18%,15.24%,5.64%,-1.68%,-8.56%,-9.72%,-11.25%,-5.52%,-9.33%
Burmese,2.50%,9.94%,-8.17%,-5.02%,-4.47%,-10.97%,-4.36%,0.64%,4.36%,-0.86%,3.26%,-5.87%,3.39%,10.78%,3.39%,-9.80%,-0.06%,12.00%,2.83%,-5.17%,100.00%,-5.48%,30.73%,-12.14%,-5.10%,-7.24%,3.46%,-4.96%,-6.49%,-1.29%,17.69%,12.17%,-13.43%,9.76%,-5.62%,5.65%,-5.54%,-7.19%,-5.95%,-6.95%,-8.53%,4.88%,-10.06%,1.37%,-4.25%,6.55%,15.50%,2.42%,4.39%,-7.04%,14.05%,-9.62%,4.15%,-0.15%,29.37%,2.13%,21.81%,-7.41%,4.34%,-8.02%,8.75%,0.22%,-6.78%,-1.14%,-5.50%,-12.45%,-10.81%,-6.20%,-10.54%,0.91%,3.22%,-12.22%,4.95%,8.34%,-9.81%,5.21%,2.30%,4.37%,12.59%,-2.41%,11.44%,-5.61%,13.96%,1.69%,-8.55%,5.51%,3.94%,8.35%,-4.35%,-9.45%,4.89%,-8.36%,11.21%,-5.75%,-14.21%,3.22%,-7.31%,-7.03%,5.22%,-3.53%,2.27%,11.20%
Cafes,-2.85%,-6.24%,19.71%,-8.78%,-8.16%,-4.87%,-4.32%,-6.16%,-14.89%,-6.71%,-13.13%,-6.55%,13.02%,1.05%,2.77%,-9.40%,3.51%,-7.36%,-10.25%,-7.80%,-5.48%,100.00%,-9.76%,-0.10%,-0.20%,-8.84%,12.57%,-13.64%,13.16%,0.18%,-7.05%,-8.83%,20.56%,-5.68%,-5.27%,14.42%,1.00%,-12.31%,-8.63%,3.26%,3.41%,2.36%,8.49%,-9.45%,-9.49%,0.48%,-5.66%,-1.89%,-7.19%,13.76%,3.23%,22.53%,-10.35%,29.48%,4.71%,-6.85%,-8.89%,-3.42%,0.99%,-1.24%,-2.02%,3.30%,14.08%,-10.20%,5.87%,-3.80%,4.45%,3.00%,-6.63%,-7.79%,-10.86%,24.28%,-3.58%,-12.33%,0.73%,1.81%,-5.23%,-4.41%,2.08%,-8.22%,6.51%,-9.56%,-5.80%,2.10%,9.88%,-5.98%,1.76%,6.09%,-16.21%,-8.82%,-8.66%,-1.95%,0.55%,-10.80%,-6.10%,-3.26%,-12.07%,-11.33%,10.84%,-12.32%,-17.22%,-9.78%
Cafeteria,-0.70%,6.44%,-10.79%,1.92%,5.81%,1.28%,22.28%,3.39%,-1.15%,-3.03%,3.20%,5.82%,-10.09%,6.11%,-4.43%,-0.92%,-1.63%,8.27%,12.49%,12.98%,30.73%,-9.76%,100.00%,-9.69%,11.04%,19.44%,11.50%,6.86%,-11.92%,-0.72%,20.01%,17.26%,-0.60%,-10.53%,-12.40%,-14.08%,-10.10%,-7.40%,-0.49%,-7.76%,-5.79%,7.46%,-4.60%,9.75%,7.43%,14.10%,12.05%,-5.07%,6.79%,-8.99%,10.00%,-13.22%,11.98%,-11.91%,8.47%,-10.04%,23.03%,4.84%,-0.97%,2.51%,11.43%,6.89%,1.74%,7.63%,3.75%,5.35%,-11.47%,13.49%,1.59%,-11.50%,14.49%,-5.03%,-14.33%,10.73%,-12.03%,-5.67%,1.36%,-7.43%,-1.47%,-1.57%,-2.47%,5.84%,7.96%,-10.93%,3.74%,6.70%,12.92%,1.38%,-13.10%,2.22%,1.58%,-8.91%,5.57%,-3.85%,-12.12%,-8.08%,1.14%,8.09%,-8.69%,-4.89%,6.28%,17.20%
Cajun/Creole,1.21%,-11.83%,-5.90%,0.41%,-0.23%,3.17%,-5.55%,4.47%,10.65%,0.51%,11.37%,11.30%,-4.46%,-0.98%,6.38%,6.16%,4.05%,9.73%,8.60%,5.44%,-12.14%,-0.10%,-9.69%,100.00%,-3.26%,15.64%,3.23%,-3.06%,3.07%,9.84%,-10.89%,-3.32%,7.07%,14.84%,2.68%,-4.49%,7.09%,-8.93%,7.75%,-4.32%,14.37%,-7.41%,17.23%,-9.04%,-14.71%,-4.76%,-3.56%,6.39%,-5.86%,-7.77%,-8.55%,0.70%,-6.15%,8.89%,-6.34%,4.82%,-6.98%,3.37%,-6.74%,-13.48%,-11.27%,2.73%,1.59%,-6.34%,-8.01%,2.38%,-7.61%,6.59%,-2.75%,2.68%,4.15%,-2.71%,-4.06%,-12.53%,8.01%,-8.48%,-1.03%,1.03%,1.83%,-0.71%,4.11%,-4.07%,-10.41%,-17.91%,-0.17%,1.91%,-12.89%,-17.59%,-5.35%,0.70%,7.36%,21.00%,9.49%,1.31%,-0.45%,-10.70%,2.44%,22.16%,0.50%,4.68%,1.32%,0.25%
Cambodian,-1.13%,-1.84%,-2.43%,7.14%,4.98%,12.09%,4.33%,0.26%,5.46%,-11.12%,2.51%,0.53%,-2.55%,9.36%,-7.11%,1.46%,3.57%,4.07%,21.52%,-0.80%,-5.10%,-0.20%,11.04%,-3.26%,100.00%,24.42%,-8.63%,-2.10%,-10.98%,-0.11%,-2.61%,-0.70%,-11.84%,0.45%,0.50%,-13.49%,11.54%,-8.04%,14.63%,2.96%,15.35%,-14.37%,-4.71%,-3.47%,8.14%,2.77%,7.06%,-2.33%,-4.26%,1.22%,14.50%,5.52%,-2.74%,-0.94%,-6.05%,7.91%,-10.21%,9.75%,2.00%,2.58%,0.36%,-1.80%,-0.45%,13.99%,15.63%,16.61%,-12.59%,0.45%,-12.33%,16.61%,15.28%,-5.27%,-4.57%,-8.17%,-5.38%,12.72%,1.50%,19.35%,-3.77%,-5.96%,8.67%,32.41%,14.68%,-2.31%,3.67%,20.90%,-6.86%,-0.43%,-7.09%,-6.95%,-8.20%,-6.62%,17.59%,8.85%,-1.06%,-13.76%,17.29%,19.55%,13.52%,2.65%,-6.23%,-6.81%
Catalan,-14.14%,-2.81%,4.92%,-8.30%,1.74%,17.73%,5.58%,8.29%,6.05%,3.10%,5.27%,11.01%,-0.35%,-7.54%,11.17%,-1.12%,-7.41%,0.82%,-11.82%,-1.08%,-7.24%,-8.84%,19.44%,15.64%,24.42%,100.00%,-12.02%,16.91%,-0.66%,-10.67%,-2.14%,-3.58%,-3.32%,19.12%,1.33%,3.19%,-2.00%,12.81%,9.20%,10.92%,4.12%,2.36%,8.38%,-2.61%,-4.15%,10.15%,7.87%,-10.95%,3.33%,-8.85%,7.09%,-1.53%,15.56%,-10.46%,-10.30%,6.26%,-2.56%,3.00%,7.37%,12.05%,3.95%,10.49%,-10.74%,12.10%,16.72%,22.52%,4.34%,-4.69%,-11.40%,-9.14%,8.50%,7.12%,4.62%,-10.78%,-2.17%,-12.84%,1.20%,-2.09%,5.89%,-0.98%,8.96%,4.31%,27.51%,-10.48%,-7.08%,11.16%,-11.84%,-11.48%,9.28%,1.17%,-11.39%,4.11%,22.45%,-9.63%,-11.93%,-11.23%,16.48%,35.12%,-7.53%,-5.89%,13.09%,-2.50%
Cheesesteaks,-13.16%,7.07%,-1.47%,-5.02%,8.54%,-10.31%,-7.65%,6.58%,0.78%,21.73%,17.48%,7.46%,-5.50%,-8.60%,4.25%,-8.52%,0.61%,10.77%,6.30%,-1.17%,3.46%,12.57%,11.50%,3.23%,-8.63%,-12.02%,100.00%,-9.28%,1.48%,-4.58%,-9.90%,4.04%,2.24%,-1.08%,0.63%,9.96%,-12.24%,-4.26%,5.09%,-7.98%,17.83%,8.74%,11.41%,-9.19%,14.79%,-7.30%,-7.41%,-10.29%,-9.16%,-12.10%,-3.01%,-7.87%,2.13%,1.06%,8.24%,-0.03%,9.34%,18.43%,0.63%,-2.39%,-10.74%,7.35%,0.27%,3.71%,18.37%,2.91%,-11.34%,-12.06%,1.23%,1.11%,-6.31%,-3.68%,-3.64%,22.15%,14.98%,-9.35%,-5.94%,-8.84%,13.42%,30.10%,3.08%,-7.87%,-5.41%,-1.50%,5.61%,3.60%,0.80%,13.29%,-6.55%,-0.85%,9.49%,-4.44%,4.11%,5.84%,3.96%,-6.41%,-12.23%,-6.21%,8.49%,-3.60%,17.61%,1.46%
Chicken_Wings,0.77%,-4.43%,14.93%,13.29%,38.91%,-10.39%,12.43%,3.31%,-0.19%,2.94%,2.19%,14.05%,-13.45%,11.25%,3.69%,-0.70%,-2.36%,-0.42%,-11.16%,-11.15%,-4.96%,-13.64%,6.86%,-3.06%,-2.10%,16.91%,-9.28%,100.00%,11.52%,-4.64%,7.82%,-9.80%,1.31%,8.17%,7.39%,-2.08%,-17.38%,9.93%,11.30%,7.75%,-9.74%,-6.28%,0.13%,11.88%,-10.59%,-10.25%,-1.27%,5.44%,-4.52%,12.44%,-3.31%,2.14%,4.84%,-9.14%,-2.76%,-16.95%,0.89%,8.20%,-4.49%,-10.40%,-11.45%,4.56%,0.45%,-1.60%,19.14%,-11.67%,-9.32%,9.03%,-12.37%,-3.25%,2.17%,4.63%,-2.10%,19.16%,3.49%,-12.90%,3.93%,-2.90%,-8.89%,24.59%,-15.85%,10.97%,1.87%,-5.50%,-13.79%,-8.44%,3.84%,-15.16%,-16.15%,11.29%,6.04%,22.57%,1.84%,5.74%,-7.25%,10.31%,-2.44%,18.70%,-5.72%,1.28%,-0.66%,-4.86%
Chinese,4.00%,0.33%,10.17%,2.07%,-14.63%,-2.92%,-9.33%,13.44%,-2.91%,-1.60%,-11.26%,-10.97%,-12.23%,1.44%,3.43%,-1.91%,-5.56%,-6.24%,-8.66%,-8.50%,-6.49%,13.16%,-11.92%,3.07%,-10.98%,-0.66%,1.48%,11.52%,100.00%,-12.08%,-13.62%,-1.51%,22.12%,9.84%,7.64%,5.96%,-6.98%,3.50%,15.63%,9.14%,-8.99%,-9.89%,23.82%,8.59%,-8.43%,-8.26%,-6.39%,4.29%,-6.03%,2.46%,10.36%,11.61%,1.31%,13.03%,-7.65%,-9.04%,-12.26%,-16.95%,3.51%,1.66%,1.93%,10.15%,17.59%,-2.02%,-8.69%,-7.71%,15.04%,-9.37%,-4.38%,0.59%,3.85%,9.67%,-8.29%,12.48%,15.92%,-2.76%,7.09%,-5.26%,-13.77%,-2.93%,-11.00%,-8.05%,5.06%,14.14%,-13.03%,-6.31%,-2.79%,-0.85%,-8.39%,1.54%,-12.72%,3.93%,-11.69%,-0.30%,1.17%,4.50%,-8.04%,-11.06%,2.91%,-8.15%,-0.97%,-10.87%
Comfort_Food,-5.59%,-10.92%,5.43%,0.41%,1.27%,14.48%,12.62%,3.93%,4.59%,12.98%,-3.21%,-9.11%,-1.83%,12.00%,14.82%,-5.99%,6.98%,-3.36%,7.10%,15.14%,-1.29%,0.18%,-0.72%,9.84%,-0.11%,-10.67%,-4.58%,-4.64%,-12.08%,100.00%,-8.02%,-5.04%,6.96%,-17.05%,-14.62%,5.54%,29.08%,-11.52%,-8.44%,-6.64%,5.17%,-12.07%,14.63%,-0.44%,-9.84%,5.73%,-1.97%,5.90%,-13.80%,4.13%,-15.81%,-4.89%,-9.47%,-10.53%,-11.58%,-4.16%,0.13%,10.84%,-10.74%,-0.50%,0.53%,15.90%,15.68%,6.36%,-0.81%,-9.91%,-9.55%,1.03%,15.40%,5.54%,14.17%,2.05%,-2.84%,-10.06%,-12.39%,7.82%,-1.45%,-6.08%,-5.78%,0.66%,6.14%,14.46%,-12.64%,1.95%,1.36%,-8.89%,-11.84%,-15.18%,-11.53%,0.47%,9.49%,3.76%,-12.07%,-4.31%,4.19%,-15.00%,4.66%,-3.66%,0.67%,12.58%,-8.04%,-2.64%
Creperies,10.45%,-4.88%,-4.07%,-6.00%,17.77%,-2.04%,1.83%,-2.22%,-14.95%,-1.39%,5.86%,-8.96%,-0.97%,3.05%,5.70%,2.31%,-4.57%,3.23%,23.70%,4.92%,17.69%,-7.05%,20.01%,-10.89%,-2.61%,-2.14%,-9.90%,7.82%,-13.62%,-8.02%,100.00%,-3.04%,-3.43%,-0.77%,-9.54%,0.97%,-3.37%,-2.27%,-9.47%,-0.93%,-3.30%,-13.61%,-10.62%,13.14%,-11.98%,-10.13%,11.22%,-2.83%,4.16%,-10.12%,-11.04%,-5.75%,7.03%,-0.06%,-1.97%,-12.98%,15.76%,12.01%,13.84%,4.24%,-1.17%,-5.10%,0.06%,-11.06%,6.72%,0.12%,-0.40%,5.26%,-4.74%,-1.27%,-10.77%,-13.44%,-4.60%,16.57%,-3.50%,-2.94%,-2.30%,6.76%,-10.88%,-5.32%,0.64%,-7.37%,18.31%,11.35%,-5.17%,-12.10%,4.34%,10.20%,2.17%,1.40%,5.52%,-6.74%,3.22%,-5.88%,-13.93%,5.38%,-3.42%,-10.42%,-8.19%,-6.40%,6.84%,17.86%
Cuban,-1.16%,6.20%,-8.56%,11.50%,-8.46%,4.95%,12.71%,12.56%,12.86%,12.73%,-3.76%,-8.15%,4.29%,-12.37%,0.09%,0.20%,1.74%,0.57%,-4.39%,3.63%,12.17%,-8.83%,17.26%,-3.32%,-0.70%,-3.58%,4.04%,-9.80%,-1.51%,-5.04%,-3.04%,100.00%,5.26%,0.44%,-10.56%,-14.71%,4.38%,-10.35%,-1.40%,-0.87%,-7.72%,27.30%,10.37%,5.58%,6.65%,3.33%,-12.69%,-5.46%,-0.77%,13.49%,4.21%,-8.22%,-1.20%,10.52%,23.91%,12.54%,14.69%,-4.95%,4.16%,-4.44%,27.55%,-4.57%,-0.74%,-6.56%,2.64%,-2.34%,-12.63%,8.30%,1.32%,-9.97%,18.70%,-1.64%,-2.82%,-0.10%,-5.13%,-0.99%,6.36%,7.49%,10.82%,0.51%,9.88%,14.95%,-0.56%,16.53%,12.89%,0.22%,2.18%,-3.29%,1.66%,10.05%,15.25%,4.29%,-16.49%,2.55%,0.02%,-6.09%,11.69%,-0.80%,2.25%,-1.47%,-7.47%,14.28%
Czech,-8.14%,12.01%,-2.39%,-3.19%,-2.63%,-1.88%,7.10%,8.68%,-8.95%,1.29%,-0.15%,-8.61%,-1.55%,1.34%,-6.31%,-15.12%,-5.38%,-0.48%,-5.40%,5.18%,-13.43%,20.56%,-0.60%,7.07%,-11.84%,-3.32%,2.24%,1.31%,22.12%,6.96%,-3.43%,5.26%,100.00%,10.57%,6.85%,-2.56%,-14.20%,5.74%,-12.17%,-5.31%,-14.66%,-5.61%,13.99%,11.84%,-7.96%,-0.04%,-3.97%,-6.33%,2.50%,17.08%,16.94%,15.26%,-1.93%,9.29%,-3.45%,-16.51%,-15.16%,-12.40%,-8.62%,-6.95%,-12.68%,0.53%,-0.56%,-1.63%,-2.35%,-13.09%,25.50%,4.83%,0.83%,-10.43%,-2.43%,-3.25%,-12.98%,5.54%,-1.44%,-2.48%,3.16%,-2.64%,-4.05%,6.03%,-6.06%,-9.65%,7.98%,12.67%,-8.36%,-11.57%,2.81%,-3.30%,-6.79%,1.02%,0.13%,0.31%,-7.25%,-5.33%,-8.82%,6.07%,2.43%,-11.50%,-9.76%,-10.40%,2.24%,12.51%
Delis,5.29%,-8.90%,8.81%,-8.20%,-10.71%,2.07%,-5.83%,-6.08%,-8.75%,1.28%,7.58%,-9.42%,-15.11%,-8.16%,9.17%,-10.02%,-10.90%,-1.39%,-13.24%,-10.06%,9.76%,-5.68%,-10.53%,14.84%,0.45%,19.12%,-1.08%,8.17%,9.84%,-17.05%,-0.77%,0.44%,10.57%,100.00%,-9.74%,-8.63%,-2.20%,-6.94%,-5.57%,7.66%,6.67%,-0.11%,-1.59%,18.86%,-4.71%,11.76%,15.05%,3.51%,11.88%,-9.92%,9.91%,2.56%,-7.38%,14.08%,-6.04%,6.08%,-2.22%,-0.63%,-9.18%,8.11%,-7.27%,-12.74%,4.78%,-5.84%,-3.33%,-2.24%,-2.42%,-1.67%,-7.91%,-3.88%,3.50%,3.85%,-2.70%,-4.78%,10.73%,-14.15%,-0.64%,6.97%,-1.39%,5.87%,9.24%,-14.46%,18.19%,-2.02%,0.32%,5.43%,-11.61%,5.13%,23.50%,-0.27%,-11.99%,-2.52%,22.00%,27.30%,8.34%,7.35%,0.40%,15.21%,-0.18%,-3.79%,-2.87%,-8.04%
Diners,-10.67%,-10.83%,-4.38%,1.55%,4.00%,-10.19%,4.74%,7.79%,4.20%,18.00%,5.40%,3.62%,6.28%,7.25%,4.44%,11.22%,0.33%,-7.39%,8.05%,-5.55%,-5.62%,-5.27%,-12.40%,2.68%,0.50%,1.33%,0.63%,7.39%,7.64%,-14.62%,-9.54%,-10.56%,6.85%,-9.74%,100.00%,7.71%,-15.90%,7.88%,3.53%,2.66%,17.88%,-4.19%,-9.30%,-11.58%,-8.72%,-7.24%,13.35%,-11.24%,5.97%,-12.65%,-5.42%,6.89%,10.92%,-7.01%,-0.20%,9.90%,-0.33%,-16.36%,9.66%,-8.20%,-7.02%,-15.42%,-6.11%,-7.44%,-7.20%,-8.04%,6.45%,3.13%,-9.29%,-1.05%,-1.02%,1.28%,3.44%,-10.82%,0.02%,-0.65%,-10.80%,-0.90%,2.11%,1.80%,-2.68%,3.65%,-10.16%,-0.45%,0.12%,-7.19%,1.25%,-12.30%,-3.73%,3.91%,1.16%,-12.11%,-7.01%,-13.37%,-14.94%,6.41%,-0.58%,-5.82%,10.85%,-6.15%,24.44%,1.55%
Ethiopian,-7.14%,-4.43%,-11.82%,-4.33%,-12.34%,-13.08%,-9.51%,3.54%,-4.90%,0.42%,-6.97%,0.67%,5.69%,-14.70%,-5.38%,-0.90%,-10.45%,23.83%,2.98%,-2.89%,5.65%,14.42%,-14.08%,-4.49%,-13.49%,3.19%,9.96%,-2.08%,5.96%,5.54%,0.97%,-14.71%,-2.56%,-8.63%,7.71%,100.00%,-7.72%,-14.34%,7.70%,-14.77%,23.54%,3.45%,-3.68%,1.11%,1.77%,-9.24%,-0.53%,-3.36%,-5.60%,-2.85%,-8.52%,-7.41%,-16.47%,4.24%,6.82%,0.35%,-6.68%,-0.93%,3.32%,31.68%,-0.72%,0.84%,-4.52%,14.95%,11.05%,-2.52%,-1.34%,-6.26%,3.95%,-3.57%,-4.36%,7.04%,9.48%,-12.41%,-1.02%,5.52%,5.86%,-12.32%,-5.73%,10.43%,-16.22%,-8.55%,10.47%,2.12%,-12.68%,4.46%,17.25%,-7.15%,-6.50%,-1.23%,-17.09%,-8.61%,0.69%,-15.09%,-9.72%,-4.76%,-17.25%,6.87%,16.61%,-7.23%,2.96%,-11.14%
Fast_Food,16.86%,-5.26%,-4.72%,-7.03%,-7.67%,18.16%,6.62%,-8.12%,9.83%,-2.59%,-12.75%,-13.11%,14.14%,-4.59%,19.01%,6.35%,0.05%,-13.45%,5.70%,12.20%,-5.54%,1.00%,-10.10%,7.09%,11.54%,-2.00%,-12.24%,-17.38%,-6.98%,29.08%,-3.37%,4.38%,-14.20%,-2.20%,-15.90%,-7.72%,100.00%,3.52%,-4.03%,4.26%,-6.44%,3.50%,3.78%,-3.43%,2.26%,2.47%,12.81%,7.82%,-5.49%,14.46%,-0.73%,4.39%,-9.59%,3.95%,-1.72%,11.00%,-3.63%,16.27%,-3.22%,9.29%,21.33%,7.91%,5.13%,4.24%,11.68%,-5.80%,-6.18%,-7.46%,10.61%,22.44%,2.54%,5.30%,-1.35%,-5.65%,-1.32%,8.88%,-3.11%,-2.61%,3.22%,-6.40%,16.77%,21.94%,-4.10%,-6.45%,3.13%,-11.97%,-1.22%,3.94%,12.76%,0.08%,6.20%,11.11%,2.88%,4.40%,11.61%,-13.37%,11.82%,-8.79%,1.17%,17.92%,-13.01%,-2.41%
Filipino,14.72%,-9.13%,10.56%,6.98%,5.46%,3.37%,-6.56%,-6.80%,4.95%,-3.65%,-9.93%,7.77%,-0.92%,7.98%,3.98%,-10.73%,6.17%,-11.39%,-13.96%,-3.83%,-7.19%,-12.31%,-7.40%,-8.93%,-8.04%,12.81%,-4.26%,9.93%,3.50%,-11.52%,-2.27%,-10.35%,5.74%,-6.94%,7.88%,-14.34%,3.52%,100.00%,-7.19%,2.18%,-10.76%,-3.84%,-15.04%,-8.97%,-8.77%,-5.35%,12.28%,4.95%,-9.95%,26.12%,4.91%,-10.79%,21.31%,-4.50%,-7.61%,-14.49%,15.65%,7.22%,8.29%,-11.02%,-0.51%,3.50%,-6.99%,15.01%,-2.83%,12.01%,16.60%,-9.30%,-10.42%,3.51%,-12.63%,-1.34%,12.12%,27.44%,-9.70%,-11.20%,5.63%,-8.49%,-2.09%,-5.95%,-5.62%,-4.27%,-9.65%,-0.52%,-12.71%,-4.95%,-13.47%,5.03%,3.35%,-12.82%,2.13%,-8.95%,-1.83%,6.40%,-12.55%,2.80%,-7.78%,-4.31%,-11.98%,-9.20%,15.65%,-11.58%
Fish_&_Chips,-11.31%,5.15%,-3.27%,8.78%,4.11%,7.60%,-6.23%,3.81%,5.32%,-6.28%,11.04%,20.02%,-8.33%,2.05%,-9.60%,0.47%,-1.50%,-1.19%,10.07%,-12.72%,-5.95%,-8.63%,-0.49%,7.75%,14.63%,9.20%,5.09%,11.30%,15.63%,-8.44%,-9.47%,-1.40%,-12.17%,-5.57%,3.53%,7.70%,-4.03%,-7.19%,100.00%,6.57%,-0.81%,-9.45%,11.63%,-1.70%,16.49%,-13.54%,4.08%,-10.75%,3.22%,15.09%,-11.51%,9.50%,9.00%,-15.16%,-0.47%,-2.85%,-3.86%,-2.66%,2.69%,-0.49%,2.58%,6.30%,11.18%,-0.12%,2.98%,6.27%,-2.49%,-11.80%,2.61%,24.20%,22.27%,4.09%,-3.29%,-1.34%,6.57%,-1.74%,12.84%,-0.25%,-2.65%,12.56%,-4.50%,3.23%,4.55%,-4.92%,8.58%,0.55%,-5.00%,-4.97%,6.17%,-7.53%,-10.12%,15.93%,-11.01%,-11.90%,5.32%,-6.47%,-4.12%,9.26%,16.35%,7.02%,11.38%,2.30%
Fondue,-1.15%,2.55%,-1.37%,0.99%,-8.74%,-16.61%,-6.60%,3.44%,2.38%,-8.15%,0.99%,-8.56%,8.44%,16.47%,-4.36%,0.17%,-14.79%,4.72%,-15.90%,-9.73%,-6.95%,3.26%,-7.76%,-4.32%,2.96%,10.92%,-7.98%,7.75%,9.14%,-6.64%,-0.93%,-0.87%,-5.31%,7.66%,2.66%,-14.77%,4.26%,2.18%,6.57%,100.00%,-13.47%,-8.00%,2.95%,33.42%,-8.35%,16.79%,-2.59%,5.65%,-4.48%,-5.32%,16.58%,8.00%,10.75%,0.98%,-9.30%,-2.00%,-3.06%,-5.97%,-3.09%,-4.17%,5.98%,-11.85%,0.40%,-3.16%,10.16%,12.32%,7.69%,1.32%,-12.56%,-14.90%,3.28%,-4.06%,-13.16%,2.20%,-11.45%,5.19%,-13.14%,10.59%,-5.46%,-5.10%,-6.50%,-8.04%,13.72%,4.51%,-13.25%,-11.73%,-11.51%,-6.31%,-2.86%,1.70%,-7.63%,2.16%,0.99%,-6.57%,-14.38%,-2.00%,15.36%,-3.21%,-2.86%,3.56%,9.81%,-4.48%
Food_Court,-6.76%,-10.99%,-7.94%,-11.63%,1.98%,-7.74%,-7.71%,-7.96%,8.24%,0.10%,-2.57%,1.24%,-3.67%,-5.49%,-3.38%,-1.92%,-11.54%,10.74%,30.92%,-9.22%,-8.53%,3.41%,-5.79%,14.37%,15.35%,4.12%,17.83%,-9.74%,-8.99%,5.17%,-3.30%,-7.72%,-14.66%,6.67%,17.88%,23.54%,-6.44%,-10.76%,-0.81%,-13.47%,100.00%,17.72%,8.85%,-2.73%,-7.57%,-9.68%,-9.16%,-13.39%,3.93%,-10.79%,1.21%,-11.66%,-8.28%,-7.56%,-4.08%,16.64%,-5.59%,-8.74%,12.44%,8.73%,-14.86%,-2.96%,4.89%,17.33%,6.57%,1.21%,-8.18%,-0.28%,8.58%,13.97%,-3.44%,-13.83%,0.26%,-11.48%,5.62%,-1.22%,-7.94%,-5.62%,13.27%,-2.61%,3.11%,4.44%,-4.40%,-10.91%,11.66%,3.63%,-3.53%,-8.78%,-5.10%,2.91%,0.14%,-9.54%,5.47%,3.40%,-10.30%,-2.72%,3.86%,-3.52%,16.82%,-3.86%,9.91%,-2.03%
Food_Stands,-6.70%,-1.68%,6.18%,-9.48%,0.00%,-6.34%,2.99%,-8.42%,9.33%,3.65%,-1.44%,-11.91%,7.15%,-3.33%,7.02%,-8.61%,-12.86%,12.38%,2.26%,1.67%,4.88%,2.36%,7.46%,-7.41%,-14.37%,2.36%,8.74%,-6.28%,-9.89%,-12.07%,-13.61%,27.30%,-5.61%,-0.11%,-4.19%,3.45%,3.50%,-3.84%,-9.45%,-8.00%,17.72%,100.00%,-15.78%,-9.72%,14.41%,5.79%,0.52%,-4.73%,4.24%,21.12%,-11.22%,-15.44%,-3.70%,2.32%,15.30%,-3.91%,7.78%,-14.99%,15.55%,1.95%,12.20%,4.73%,-12.72%,5.87%,-9.86%,2.24%,-1.77%,0.30%,7.24%,9.64%,-5.24%,-1.47%,12.79%,-0.50%,5.32%,-11.43%,-3.70%,-12.03%,11.40%,17.06%,8.59%,5.14%,2.74%,3.42%,19.88%,-8.55%,-7.07%,-7.69%,1.71%,17.12%,0.53%,0.38%,-6.64%,13.57%,7.05%,11.64%,8.87%,-7.79%,6.93%,17.33%,4.46%,5.41%
French,-8.38%,8.19%,1.81%,0.03%,-8.67%,4.54%,4.37%,20.21%,-4.26%,3.75%,-9.21%,-8.59%,-14.43%,-0.20%,2.35%,-15.91%,-3.55%,-0.15%,9.15%,5.57%,-10.06%,8.49%,-4.60%,17.23%,-4.71%,8.38%,11.41%,0.13%,23.82%,14.63%,-10.62%,10.37%,13.99%,-1.59%,-9.30%,-3.68%,3.78%,-15.04%,11.63%,2.95%,8.85%,-15.78%,100.00%,5.99%,-10.24%,-8.68%,-7.96%,-11.92%,-13.47%,-10.50%,4.18%,7.94%,2.05%,-3.46%,-5.97%,-7.38%,-3.89%,9.83%,-15.98%,10.94%,-2.95%,5.37%,18.78%,-3.55%,4.25%,-12.12%,-1.86%,6.60%,1.67%,-10.90%,28.62%,-6.95%,-18.80%,-3.16%,8.35%,-9.84%,-0.77%,-2.04%,7.90%,8.00%,-7.07%,1.98%,-4.30%,-2.70%,-10.36%,-13.29%,-3.93%,5.17%,1.86%,-7.37%,5.89%,33.20%,4.12%,-5.23%,9.36%,-14.76%,2.12%,8.47%,-5.74%,-9.52%,-8.73%,13.40%
Gastropubs,-4.16%,0.18%,5.00%,32.09%,-7.36%,-13.26%,4.54%,0.64%,-4.82%,-5.80%,-1.54%,-7.54%,-14.04%,-2.10%,-12.17%,-8.68%,-15.70%,-10.11%,7.70%,-9.56%,1.37%,-9.45%,9.75%,-9.04%,-3.47%,-2.61%,-9.19%,11.88%,8.59%,-0.44%,13.14%,5.58%,11.84%,18.86%,-11.58%,1.11%,-3.43%,-8.97%,-1.70%,33.42%,-2.73%,-9.72%,5.99%,100.00%,-11.85%,-0.26%,17.08%,-11.79%,6.35%,3.35%,17.08%,10.03%,16.50%,2.20%,5.22%,-5.30%,-2.19%,2.44%,15.35%,3.63%,1.90%,-11.88%,-4.66%,-9.91%,22.91%,-13.05%,-9.41%,17.26%,-11.19%,-1.52%,-1.93%,-3.47%,-13.01%,1.81%,-10.68%,-2.66%,-2.22%,9.76%,-12.32%,-5.44%,-4.77%,-5.59%,12.15%,8.90%,-13.91%,0.93%,11.63%,0.38%,-2.09%,-10.84%,0.42%,-0.94%,12.11%,3.60%,-10.62%,-1.07%,-8.93%,5.71%,-17.18%,-3.25%,1.22%,8.36%
German,-10.80%,1.69%,-0.56%,-0.18%,-6.49%,-1.74%,-7.32%,17.32%,-6.71%,-5.19%,3.33%,-6.23%,-8.83%,-8.68%,-4.54%,-6.98%,10.62%,-1.04%,-9.31%,-7.09%,-4.25%,-9.49%,7.43%,-14.71%,8.14%,-4.15%,14.79%,-10.59%,-8.43%,-9.84%,-11.98%,6.65%,-7.96%,-4.71%,-8.72%,1.77%,2.26%,-8.77%,16.49%,-8.35%,-7.57%,14.41%,-10.24%,-11.85%,100.00%,-6.08%,-3.51%,2.50%,0.28%,5.41%,-7.95%,-10.37%,-0.24%,-12.85%,16.10%,1.86%,-9.28%,-7.47%,10.28%,5.85%,0.61%,5.61%,0.64%,14.00%,-6.28%,13.52%,-9.23%,-16.20%,2.27%,-6.89%,1.07%,1.62%,1.58%,-8.80%,11.76%,-0.85%,-9.58%,-9.32%,-5.23%,18.05%,-5.45%,8.13%,-2.82%,5.39%,9.39%,15.12%,2.63%,-1.30%,7.82%,5.37%,-12.37%,-4.90%,-0.69%,-3.31%,7.82%,8.78%,8.04%,-9.59%,18.98%,6.84%,3.39%,2.22%
Gluten-Free,-10.51%,1.93%,2.60%,-8.39%,-4.01%,-8.45%,13.98%,-6.74%,8.16%,-5.84%,6.51%,-5.70%,16.89%,18.17%,1.35%,4.65%,-10.51%,-1.92%,-0.17%,11.20%,6.55%,0.48%,14.10%,-4.76%,2.77%,10.15%,-7.30%,-10.25%,-8.26%,5.73%,-10.13%,3.33%,-0.04%,11.76%,-7.24%,-9.24%,2.47%,-5.35%,-13.54%,16.79%,-9.68%,5.79%,-8.68%,-0.26%,-6.08%,100.00%,-0.56%,4.38%,1.18%,-10.46%,2.49%,-7.28%,1.81%,-1.41%,-6.18%,2.99%,2.00%,3.02%,-8.50%,15.29%,12.18%,-7.61%,-0.02%,7.82%,-6.58%,16.15%,-6.31%,-6.73%,5.76%,0.48%,-9.30%,19.38%,-2.12%,-9.10%,-9.22%,3.25%,5.10%,3.66%,-8.46%,-8.47%,2.08%,-2.97%,-9.22%,2.04%,5.62%,18.05%,13.33%,-10.91%,-6.72%,-8.58%,5.07%,-10.45%,-3.58%,13.27%,-8.83%,5.70%,22.53%,8.86%,-6.07%,11.43%,-9.80%,-10.59%
Greek,-2.28%,-13.09%,16.38%,-9.34%,-9.23%,13.59%,5.17%,-0.89%,-1.97%,3.14%,-11.71%,-10.13%,-12.69%,0.82%,13.08%,2.68%,-10.11%,6.15%,11.21%,-8.29%,15.50%,-5.66%,12.05%,-3.56%,7.06%,7.87%,-7.41%,-1.27%,-6.39%,-1.97%,11.22%,-12.69%,-3.97%,15.05%,13.35%,-0.53%,12.81%,12.28%,4.08%,-2.59%,-9.16%,0.52%,-7.96%,17.08%,-3.51%,-0.56%,100.00%,-8.44%,1.14%,3.13%,1.15%,-1.60%,9.77%,-8.68%,3.02%,5.42%,7.72%,-2.50%,9.22%,7.35%,5.83%,-12.30%,-0.61%,-7.21%,5.04%,11.03%,-6.70%,6.53%,-10.59%,9.97%,2.35%,9.77%,3.46%,-9.24%,5.97%,-1.60%,-2.10%,9.08%,8.15%,-3.28%,0.20%,-3.72%,11.86%,-6.10%,2.28%,1.74%,5.59%,-3.22%,6.09%,4.01%,-11.97%,-5.50%,22.67%,-0.72%,-1.32%,-6.97%,-3.06%,3.83%,8.77%,-4.78%,-15.75%,17.73%
Halal,13.07%,-5.04%,4.80%,1.64%,2.37%,-8.92%,4.15%,4.55%,-2.41%,15.04%,3.56%,-5.66%,10.16%,4.33%,-5.53%,12.21%,-4.86%,10.67%,-9.53%,-8.64%,2.42%,-1.89%,-5.07%,6.39%,-2.33%,-10.95%,-10.29%,5.44%,4.29%,5.90%,-2.83%,-5.46%,-6.33%,3.51%,-11.24%,-3.36%,7.82%,4.95%,-10.75%,5.65%,-13.39%,-4.73%,-11.92%,-11.79%,2.50%,4.38%,-8.44%,100.00%,-16.28%,12.49%,5.21%,-12.35%,-11.56%,10.94%,15.49%,7.97%,-1.96%,-2.69%,10.21%,-9.51%,-9.57%,15.16%,-2.92%,-11.86%,-12.44%,2.91%,1.83%,1.95%,-13.11%,-10.71%,-3.69%,8.52%,-1.04%,16.18%,-8.68%,22.86%,5.27%,20.57%,5.55%,-12.27%,11.03%,3.65%,-11.82%,15.83%,-11.83%,-2.76%,-4.21%,1.58%,-2.94%,-8.01%,7.15%,-2.73%,-2.31%,2.53%,11.95%,-5.44%,5.91%,-4.67%,5.22%,30.53%,-11.63%,-11.89%
Hawaiian,11.92%,-13.06%,4.83%,-1.73%,-5.46%,25.32%,-2.38%,-7.31%,-2.91%,-11.32%,15.81%,-3.40%,-4.83%,-10.53%,-8.29%,7.63%,-10.43%,-10.18%,-0.04%,4.35%,4.39%,-7.19%,6.79%,-5.86%,-4.26%,3.33%,-9.16%,-4.52%,-6.03%,-13.80%,4.16%,-0.77%,2.50%,11.88%,5.97%,-5.60%,-5.49%,-9.95%,3.22%,-4.48%,3.93%,4.24%,-13.47%,6.35%,0.28%,1.18%,1.14%,-16.28%,100.00%,-13.55%,8.42%,2.00%,17.54%,-0.98%,1.84%,6.13%,4.63%,-16.26%,11.65%,14.55%,28.77%,-12.40%,-6.14%,6.12%,-0.03%,-10.00%,10.32%,-9.41%,6.14%,5.57%,-11.13%,-1.25%,-2.09%,-0.74%,11.53%,-1.58%,10.12%,-12.74%,11.37%,5.72%,-0.38%,-10.75%,6.82%,2.82%,18.33%,-11.60%,11.53%,0.74%,15.57%,8.82%,-9.06%,-6.40%,11.68%,-3.20%,9.47%,14.15%,1.55%,6.88%,-9.21%,4.60%,8.30%,17.45%
Himalayan/Nepalese,7.98%,2.78%,6.51%,16.10%,8.10%,-5.37%,-1.17%,-10.15%,15.36%,-7.24%,-10.07%,7.89%,11.86%,-8.59%,-3.34%,-7.67%,-2.97%,-13.13%,-2.05%,-8.09%,-7.04%,13.76%,-8.99%,-7.77%,1.22%,-8.85%,-12.10%,12.44%,2.46%,4.13%,-10.12%,13.49%,17.08%,-9.92%,-12.65%,-2.85%,14.46%,26.12%,15.09%,-5.32%,-10.79%,21.12%,-10.50%,3.35%,5.41%,-10.46%,3.13%,12.49%,-13.55%,100.00%,-5.44%,-6.73%,-1.07%,6.21%,0.12%,-7.52%,-2.65%,-4.70%,-2.68%,-8.33%,7.29%,11.57%,0.13%,-1.04%,-5.57%,-7.56%,3.25%,-7.23%,-1.11%,10.73%,-0.77%,0.03%,-6.15%,13.93%,8.23%,-10.95%,4.05%,3.18%,-9.66%,6.23%,-11.12%,5.21%,9.60%,0.17%,2.49%,2.03%,-15.28%,-11.30%,-13.33%,4.83%,6.09%,-2.37%,-4.48%,-7.06%,7.85%,-13.33%,1.59%,0.89%,0.47%,-8.51%,-12.45%,-9.65%
Hot_Dogs,-3.63%,1.58%,3.48%,14.54%,-10.76%,-1.52%,13.71%,-1.27%,-11.44%,-6.19%,15.77%,-7.14%,9.45%,-2.25%,-10.99%,7.11%,-13.01%,-7.73%,-1.17%,-11.88%,14.05%,3.23%,10.00%,-8.55%,14.50%,7.09%,-3.01%,-3.31%,10.36%,-15.81%,-11.04%,4.21%,16.94%,9.91%,-5.42%,-8.52%,-0.73%,4.91%,-11.51%,16.58%,1.21%,-11.22%,4.18%,17.08%,-7.95%,2.49%,1.15%,5.21%,8.42%,-5.44%,100.00%,-5.53%,0.04%,10.25%,1.32%,9.79%,-1.30%,-5.83%,7.28%,0.18%,-10.02%,-12.36%,-12.28%,25.77%,11.55%,0.65%,10.79%,2.01%,-2.25%,2.96%,3.91%,-11.97%,-4.27%,-2.97%,-2.95%,-2.61%,-1.77%,14.34%,-2.14%,-13.28%,4.02%,-8.51%,5.19%,19.19%,-9.96%,8.92%,-4.94%,11.24%,14.36%,5.82%,7.77%,-9.21%,14.00%,-1.95%,-13.75%,15.99%,6.00%,-7.44%,-9.79%,6.75%,3.28%,7.88%
Hot_Pot,-1.09%,9.02%,9.80%,0.97%,0.27%,7.49%,13.08%,-10.10%,2.72%,-6.69%,-6.07%,3.45%,-4.57%,4.13%,-6.46%,-5.60%,-1.62%,-1.38%,-4.62%,-0.51%,-9.62%,22.53%,-13.22%,0.70%,5.52%,-1.53%,-7.87%,2.14%,11.61%,-4.89%,-5.75%,-8.22%,15.26%,2.56%,6.89%,-7.41%,4.39%,-10.79%,9.50%,8.00%,-11.66%,-15.44%,7.94%,10.03%,-10.37%,-7.28%,-1.60%,-12.35%,2.00%,-6.73%,-5.53%,100.00%,-11.48%,24.14%,6.30%,-9.11%,-2.19%,-10.13%,-1.36%,-14.38%,-3.15%,-4.47%,-7.32%,-14.48%,-11.32%,-10.65%,6.22%,-7.30%,-3.48%,7.68%,0.03%,10.81%,-1.56%,10.76%,-2.57%,0.80%,-4.62%,4.29%,0.72%,-3.30%,-11.17%,1.36%,1.37%,5.48%,0.69%,1.54%,4.64%,5.54%,-2.41%,4.86%,-16.57%,0.49%,-5.46%,-5.06%,-4.86%,6.16%,-0.12%,-3.25%,6.21%,-2.73%,-2.18%,8.87%
Hungarian,-8.87%,-2.94%,13.46%,10.56%,3.94%,-6.90%,3.22%,-8.03%,-1.46%,8.61%,-3.51%,3.91%,5.08%,-5.07%,14.17%,-13.35%,-3.84%,-9.60%,4.22%,0.87%,4.15%,-10.35%,11.98%,-6.15%,-2.74%,15.56%,2.13%,4.84%,1.31%,-9.47%,7.03%,-1.20%,-1.93%,-7.38%,10.92%,-16.47%,-9.59%,21.31%,9.00%,10.75%,-8.28%,-3.70%,2.05%,16.50%,-0.24%,1.81%,9.77%,-11.56%,17.54%,-1.07%,0.04%,-11.48%,100.00%,-10.29%,-2.93%,-7.92%,22.65%,1.38%,5.49%,-8.57%,10.75%,8.94%,-12.64%,-4.22%,14.47%,-0.89%,4.17%,-5.18%,-7.59%,-0.76%,-13.91%,-8.12%,2.03%,-0.57%,-4.76%,6.64%,9.30%,0.05%,-7.87%,-8.73%,-12.84%,0.80%,5.82%,1.28%,-2.30%,-10.99%,4.77%,-4.19%,-4.94%,-6.16%,-2.30%,4.70%,-0.17%,-7.33%,-10.31%,4.57%,6.33%,5.34%,-10.53%,-2.40%,12.28%,-2.23%
Iberian,7.94%,1.99%,1.37%,-7.99%,-4.39%,0.54%,-8.31%,-10.77%,-12.28%,-0.41%,0.57%,-7.29%,0.49%,-10.05%,-11.07%,-8.69%,-6.00%,-9.68%,-9.25%,0.13%,-0.15%,29.48%,-11.91%,8.89%,-0.94%,-10.46%,1.06%,-9.14%,13.03%,-10.53%,-0.06%,10.52%,9.29%,14.08%,-7.01%,4.24%,3.95%,-4.50%,-15.16%,0.98%,-7.56%,2.32%,-3.46%,2.20%,-12.85%,-1.41%,-8.68%,10.94%,-0.98%,6.21%,10.25%,24.14%,-10.29%,100.00%,1.05%,0.80%,-0.94%,-11.39%,-0.95%,-7.45%,1.72%,-4.45%,1.04%,-13.53%,5.42%,7.25%,14.91%,6.12%,-9.84%,10.03%,-10.42%,19.53%,14.32%,-9.28%,5.15%,-11.61%,0.94%,12.59%,8.89%,8.60%,1.00%,-14.89%,-5.74%,20.95%,-12.41%,1.69%,0.42%,-2.16%,-4.06%,-5.79%,-12.07%,-4.85%,1.29%,4.38%,9.16%,-2.89%,-8.36%,-4.16%,-5.56%,-8.83%,-9.55%,-7.67%
Indian,-13.68%,-14.64%,-6.20%,21.33%,5.59%,5.87%,4.91%,6.89%,-3.62%,2.47%,-5.01%,-5.74%,-10.61%,2.07%,-11.49%,-0.48%,11.99%,12.70%,-2.81%,0.43%,29.37%,4.71%,8.47%,-6.34%,-6.05%,-10.30%,8.24%,-2.76%,-7.65%,-11.58%,-1.97%,23.91%,-3.45%,-6.04%,-0.20%,6.82%,-1.72%,-7.61%,-0.47%,-9.30%,-4.08%,15.30%,-5.97%,5.22%,16.10%,-6.18%,3.02%,15.49%,1.84%,0.12%,1.32%,6.30%,-2.93%,1.05%,100.00%,0.30%,17.30%,2.68%,6.76%,-6.21%,12.94%,-7.78%,-0.15%,-2.53%,4.34%,0.84%,0.15%,-9.02%,7.01%,-10.86%,-11.99%,-3.01%,9.65%,5.59%,-1.49%,6.61%,0.07%,-0.63%,12.52%,5.67%,14.53%,5.58%,-6.72%,3.97%,-10.01%,14.97%,11.12%,-5.86%,2.44%,-6.01%,-6.93%,-3.02%,30.37%,8.34%,21.86%,14.04%,-1.49%,-6.50%,5.91%,-4.12%,-1.88%,9.90%
Indonesian,-6.72%,-1.74%,-10.92%,-6.22%,-10.29%,4.18%,2.18%,2.85%,10.58%,12.13%,-1.91%,5.42%,7.08%,-14.84%,-5.17%,6.63%,-10.62%,3.12%,13.47%,-14.74%,2.13%,-6.85%,-10.04%,4.82%,7.91%,6.26%,-0.03%,-16.95%,-9.04%,-4.16%,-12.98%,12.54%,-16.51%,6.08%,9.90%,0.35%,11.00%,-14.49%,-2.85%,-2.00%,16.64%,-3.91%,-7.38%,-5.30%,1.86%,2.99%,5.42%,7.97%,6.13%,-7.52%,9.79%,-9.11%,-7.92%,0.80%,0.30%,100.00%,-10.07%,-16.61%,5.25%,0.45%,11.93%,-7.72%,6.09%,8.04%,8.97%,-9.31%,-11.79%,2.13%,-3.80%,4.28%,-6.14%,-8.84%,25.37%,-13.74%,-3.20%,-1.88%,5.55%,28.91%,22.36%,-4.61%,7.75%,5.33%,2.34%,-0.67%,-3.92%,-10.02%,10.29%,-4.41%,26.43%,4.44%,1.07%,-0.01%,2.35%,2.56%,6.79%,-1.05%,4.27%,5.86%,31.24%,-4.76%,17.78%,-3.36%
