Afghan,100.00%,3.42%,4.66%,4.37%,14.47%,0.79%,16.15%,13.72%,0.15%,5.11%,15.19%,2.89%,3.83%,1.11%,2.63%,3.54%,0.59%,10.94%,2.11%,6.25%,2.16%,8.89%,0.77%,1.79%,4.75%,7.84%,1.80%,3.77%,3.80%,5.67%,0.00%,9.35%,16.55%,0.85%,21.24%,0.33%,5.65%,33.09%,3.95%,4.62%,7.11%,3.83%,4.76%,10.35%,9.23%,1.99%,4.73%,9.50%,2.80%,17.71%,9.97%,2.67%,45.76%,22.28%,1.75%,7.47%,1.65%,10.15%,1.94%,5.63%,2.83%,2.08%,3.76%,5.24%,0.82%,2.37%,2.46%,3.33%,7.21%,2.64%,9.10%,11.00%,8.31%,34.40%,1.82%,2.05%,9.18%
African,3.42%,100.00%,5.38%,6.58%,7.10%,1.34%,3.13%,4.49%,0.11%,1.86%,3.98%,4.00%,1.72%,3.23%,5.39%,8.14%,3.77%,2.25%,4.84%,1.68%,1.73%,4.54%,1.08%,1.62%,1.62%,22.71%,5.09%,1.93%,5.44%,3.68%,0.00%,5.77%,7.84%,1.58%,1.67%,0.40%,2.00%,7.80%,1.37%,4.49%,7.27%,3.11%,1.89%,5.07%,1.24%,3.75%,2.52%,7.50%,4.75%,9.82%,1.99%,3.48%,6.07%,3.62%,1.33%,3.01%,5.17%,2.25%,2.76%,4.89%,5.24%,3.79%,0.97%,1.86%,1.35%,3.00%,4.16%,4.02%,1.34%,3.34%,4.19%,8.33%,2.23%,1.85%,3.27%,3.89%,2.82%
American_(New),4.66%,5.38%,100.00%,84.41%,5.33%,3.36%,4.88%,24.80%,1.09%,16.10%,0.58%,30.97%,28.19%,8.05%,34.36%,39.88%,7.99%,6.34%,22.09%,5.66%,24.36%,21.61%,11.73%,10.16%,17.69%,8.25%,18.59%,7.64%,45.42%,29.31%,0.00%,28.67%,10.49%,13.16%,0.77%,2.96%,14.47%,11.80%,1.76%,49.39%,50.84%,20.64%,11.52%,10.40%,3.35%,22.16%,3.81%,35.11%,32.38%,17.68%,9.60%,22.48%,9.98%,3.30%,6.06%,20.22%,25.37%,11.54%,22.63%,22.90%,29.77%,25.09%,1.51%,15.61%,10.62%,62.01%,36.02%,75.73%,8.30%,34.82%,20.03%,9.39%,13.25%,2.22%,15.23%,22.70%,15.55%
American_(Traditional),4.37%,6.58%,84.41%,100.00%,6.30%,3.94%,4.88%,23.24%,1.00%,16.10%,0.92%,29.22%,27.45%,9.03%,32.93%,39.74%,14.17%,4.77%,20.81%,3.38%,24.36%,25.21%,10.49%,10.49%,17.78%,7.22%,27.81%,9.31%,40.59%,29.38%,0.00%,30.02%,10.91%,15.52%,0.77%,3.64%,14.47%,12.67%,1.11%,49.45%,48.00%,20.64%,12.64%,10.08%,2.45%,16.57%,4.86%,32.81%,34.79%,16.91%,11.08%,21.81%,10.62%,3.30%,5.06%,20.43%,25.94%,10.90%,21.69%,23.25%,30.42%,25.71%,2.11%,15.70%,12.14%,62.78%,33.64%,75.51%,9.00%,35.06%,19.08%,9.88%,13.55%,2.22%,11.03%,19.09%,14.81%
Arabian,14.47%,7.10%,5.33%,6.30%,100.00%,0.06%,27.13%,5.45%,1.04%,10.79%,4.60%,6.04%,6.85%,0.11%,3.06%,6.45%,12.74%,4.26%,1.20%,2.79%,5.70%,8.39%,0.50%,3.01%,9.60%,17.22%,3.98%,1.86%,6.72%,8.89%,0.00%,21.54%,57.30%,0.38%,6.25%,-0.03%,11.98%,16.83%,0.93%,6.86%,13.05%,1.50%,1.58%,27.75%,2.57%,1.92%,1.57%,19.96%,5.03%,60.58%,7.64%,5.38%,21.24%,28.95%,0.11%,11.01%,4.49%,11.31%,3.22%,7.84%,5.84%,1.14%,1.37%,11.06%,0.71%,4.16%,5.64%,4.56%,2.26%,5.56%,4.66%,24.16%,13.88%,12.67%,1.47%,3.52%,3.75%
Argentine,0.79%,1.34%,3.36%,3.94%,0.06%,100.00%,0.06%,4.68%,0.13%,0.14%,3.91%,2.00%,0.14%,18.16%,4.41%,6.84%,1.99%,2.71%,5.14%,0.91%,0.33%,5.10%,1.55%,4.30%,0.13%,2.13%,4.16%,4.82%,3.97%,1.82%,0.00%,3.01%,1.28%,4.34%,0.01%,3.25%,0.13%,4.91%,-0.01%,1.42%,4.26%,5.64%,5.44%,2.13%,-0.04%,12.65%,4.87%,3.81%,4.75%,4.12%,1.38%,1.51%,1.65%,0.05%,15.59%,1.25%,3.40%,0.97%,2.52%,5.18%,4.36%,4.65%,0.90%,0.13%,3.35%,3.30%,3.13%,4.70%,4.26%,3.62%,4.02%,4.51%,1.60%,0.02%,2.91%,3.60%,4.00%
Armenian,16.15%,3.13%,4.88%,4.88%,27.13%,0.06%,50.00%,4.23%,0.06%,15.07%,4.91%,6.65%,9.61%,0.17%,0.00%,8.21%,0.00%,3.40%,0.00%,1.77%,6.65%,2.57%,0.00%,0.20%,13.76%,8.64%,0.00%,1.00%,9.00%,12.82%,0.00%,20.26%,27.13%,0.07%,6.87%,0.00%,16.76%,9.89%,0.84%,8.21%,13.11%,0.95%,1.61%,26.80%,2.44%,0.15%,1.48%,14.98%,0.10%,27.13%,4.27%,5.16%,13.48%,33.77%,0.06%,16.36%,5.17%,20.30%,0.00%,9.80%,8.21%,0.00%,1.26%,15.50%,0.00%,4.88%,6.65%,4.88%,2.57%,6.65%,2.30%,30.45%,22.74%,17.68%,0.00%,0.00%,2.35%
Asian_Fusion,13.72%,4.49%,24.80%,23.24%,5.45%,4.68%,4.23%,100.00%,1.03%,1.61%,24.29%,4.33%,2.75%,7.95%,22.13%,9.41%,10.15%,25.88%,17.22%,17.38%,0.65%,48.07%,8.56%,7.21%,1.50%,7.58%,16.15%,22.48%,14.93%,8.76%,0.00%,16.92%,9.76%,17.35%,22.25%,4.41%,1.75%,27.62%,7.96%,12.21%,24.33%,33.86%,33.13%,6.19%,22.49%,13.68%,16.65%,20.19%,21.89%,15.24%,30.12%,3.37%,22.00%,5.42%,4.92%,6.30%,2.20%,6.05%,15.04%,6.48%,2.47%,21.32%,10.44%,1.58%,10.75%,10.62%,10.10%,19.79%,35.71%,11.04%,35.78%,5.45%,6.85%,11.96%,11.81%,16.97%,41.07%
Australian,0.15%,0.11%,1.09%,1.00%,1.04%,0.13%,0.06%,1.03%,100.00%,0.02%,0.55%,-0.01%,0.00%,-0.01%,0.40%,0.32%,0.08%,0.79%,0.13%,1.51%,0.01%,0.92%,-0.04%,-0.01%,0.01%,0.07%,0.42%,2.12%,0.21%,-0.03%,0.00%,0.70%,0.04%,1.03%,0.39%,-0.02%,0.02%,0.35%,3.36%,1.81%,0.30%,1.28%,0.91%,0.02%,1.05%,0.66%,1.89%,1.12%,0.73%,0.32%,0.47%,-0.02%,0.16%,0.08%,0.05%,0.28%,0.00%,0.02%,0.59%,0.30%,0.00%,0.34%,2.23%,0.01%,0.25%,0.01%,-0.05%,0.43%,0.52%,0.08%,1.36%,0.02%,0.01%,0.14%,0.06%,0.30%,1.48%
Austrian,5.11%,1.86%,16.10%,16.10%,10.79%,0.14%,15.07%,1.61%,0.02%,50.00%,1.58%,20.24%,31.64%,0.43%,0.00%,26.96%,0.00%,1.10%,0.00%,0.57%,20.24%,1.20%,0.00%,0.64%,44.06%,4.45%,0.00%,0.36%,29.83%,38.49%,0.00%,26.33%,10.79%,0.10%,2.22%,0.00%,44.93%,3.10%,0.26%,26.96%,34.09%,0.52%,0.80%,19.14%,0.81%,0.44%,0.45%,23.32%,0.31%,10.79%,2.14%,14.42%,4.31%,10.20%,0.18%,37.88%,15.85%,21.69%,0.00%,22.65%,26.96%,0.00%,0.39%,48.64%,0.00%,16.10%,20.24%,16.10%,1.20%,20.24%,0.73%,22.44%,29.53%,6.25%,0.00%,0.00%,0.81%
Bangladeshi,15.19%,3.98%,0.58%,0.92%,4.60%,3.91%,4.91%,24.29%,0.55%,1.58%,100.00%,2.42%,1.04%,1.19%,1.46%,11.68%,-0.05%,34.58%,2.26%,17.98%,0.66%,11.63%,-0.03%,0.00%,1.49%,2.85%,1.71%,9.44%,4.24%,2.17%,0.00%,2.16%,8.79%,0.12%,35.66%,-0.01%,1.74%,31.04%,7.56%,1.17%,2.65%,4.88%,8.09%,2.83%,24.61%,0.40%,15.58%,1.82%,0.42%,6.02%,10.81%,0.49%,19.42%,6.89%,-0.02%,2.83%,7.13%,3.11%,-0.06%,2.48%,7.39%,1.38%,11.82%,1.62%,0.14%,0.50%,2.12%,0.96%,10.99%,1.11%,24.32%,11.25%,2.62%,12.51%,0.23%,0.58%,22.25%
Basque,2.89%,4.00%,30.97%,29.22%,6.04%,2.00%,6.65%,4.33%,-0.01%,20.24%,2.42%,100.00%,25.85%,2.38%,6.95%,38.37%,0.60%,5.47%,5.62%,1.31%,50.00%,4.77%,1.35%,2.98%,20.61%,4.51%,3.99%,1.49%,36.55%,21.70%,0.00%,18.36%,7.07%,0.73%,0.93%,-0.05%,18.63%,6.60%,0.07%,30.64%,33.14%,2.92%,1.28%,10.89%,0.28%,5.67%,2.84%,23.53%,5.61%,9.90%,1.98%,34.30%,4.81%,4.59%,1.07%,17.44%,43.99%,9.66%,2.90%,19.91%,35.98%,3.95%,0.14%,19.74%,1.58%,25.93%,60.97%,28.50%,1.58%,51.37%,4.47%,17.96%,11.91%,2.56%,2.71%,4.87%,3.21%
Belgian,3.83%,1.72%,28.19%,27.45%,6.85%,0.14%,9.61%,2.75%,0.00%,31.64%,1.04%,25.85%,100.00%,2.53%,1.97%,42.48%,-0.17%,0.72%,2.00%,0.34%,25.89%,1.62%,0.96%,1.02%,34.93%,3.43%,0.31%,0.29%,44.27%,36.91%,0.00%,18.30%,6.79%,-0.04%,1.48%,-0.04%,28.43%,2.92%,2.94%,43.78%,29.03%,0.80%,0.84%,12.30%,7.73%,1.43%,0.23%,19.54%,1.52%,7.18%,2.07%,19.56%,4.10%,6.49%,1.32%,27.93%,21.22%,18.77%,1.12%,25.29%,42.55%,0.90%,0.23%,30.81%,-0.03%,25.40%,25.87%,25.88%,0.83%,26.55%,1.52%,14.73%,19.92%,4.21%,0.58%,1.11%,1.07%
Brazilian,1.11%,3.23%,8.05%,9.03%,0.11%,18.16%,0.17%,7.95%,-0.01%,0.43%,1.19%,2.38%,2.53%,100.00%,7.24%,6.23%,3.88%,0.63%,7.37%,0.49%,1.04%,8.12%,3.04%,6.18%,0.40%,2.08%,7.21%,3.82%,6.02%,3.99%,0.00%,5.02%,1.77%,7.14%,0.03%,1.95%,0.40%,5.71%,1.09%,4.14%,8.31%,10.04%,8.15%,2.44%,1.33%,22.34%,4.34%,7.10%,8.42%,4.14%,2.27%,3.69%,2.84%,0.13%,12.52%,1.61%,3.72%,1.69%,4.58%,4.60%,3.07%,9.88%,1.15%,0.38%,4.45%,4.68%,4.72%,12.63%,5.29%,7.01%,7.03%,4.22%,2.12%,0.06%,2.98%,4.92%,6.22%
Breakfast_&_Brunch,2.63%,5.39%,34.36%,32.93%,3.06%,4.41%,0.00%,22.13%,0.40%,0.00%,1.46%,6.95%,1.97%,7.24%,50.00%,13.66%,11.56%,6.28%,25.44%,4.53%,0.00%,22.63%,11.11%,9.38%,-0.06%,5.64%,22.34%,8.57%,18.05%,10.02%,0.00%,20.08%,8.27%,13.88%,0.00%,3.24%,0.00%,13.89%,1.47%,16.48%,32.22%,19.58%,11.57%,3.91%,2.53%,18.06%,5.28%,24.07%,30.39%,15.31%,9.66%,3.61%,10.43%,0.00%,5.68%,6.49%,3.76%,2.35%,23.14%,8.38%,3.86%,22.64%,1.72%,-0.06%,12.18%,11.92%,10.30%,21.38%,8.61%,9.33%,19.95%,5.28%,3.41%,0.00%,15.50%,21.62%,14.70%
British,3.54%,8.14%,39.88%,39.74%,6.45%,6.84%,8.21%,9.41%,0.32%,26.96%,11.68%,38.37%,42.48%,6.23%,13.66%,100.00%,2.30%,2.20%,15.44%,1.35%,26.59%,9.28%,2.48%,4.06%,29.93%,5.29%,12.05%,3.14%,54.50%,37.08%,0.00%,21.32%,8.72%,4.06%,1.28%,0.75%,24.23%,16.46%,0.19%,59.59%,37.34%,8.97%,5.56%,11.81%,0.48%,6.53%,8.85%,24.94%,10.18%,13.82%,4.54%,19.19%,9.21%,5.54%,2.00%,29.44%,37.69%,14.66%,6.20%,44.79%,75.94%,9.79%,0.71%,26.36%,3.61%,33.18%,34.85%,37.16%,3.58%,30.51%,8.74%,33.56%,18.42%,3.65%,6.42%,9.93%,5.24%
Buffets,0.59%,3.77%,7.99%,14.17%,12.74%,1.99%,0.00%,10.15%,0.08%,0.00%,-0.05%,0.60%,-0.17%,3.88%,11.56%,2.30%,50.00%,1.03%,6.98%,0.93%,0.00%,23.32%,3.85%,8.89%,-0.05%,2.59%,16.13%,6.27%,6.02%,3.56%,0.00%,9.22%,15.40%,7.17%,0.00%,2.16%,0.00%,20.18%,-0.05%,2.95%,9.67%,8.53%,6.92%,2.57%,0.04%,4.30%,3.54%,10.21%,16.33%,13.68%,12.15%,0.68%,23.08%,0.00%,1.63%,1.53%,0.41%,0.31%,9.18%,3.86%,-0.02%,10.67%,2.10%,-0.05%,4.95%,5.67%,3.32%,9.35%,5.13%,4.56%,8.89%,0.38%,2.05%,0.00%,2.95%,9.09%,6.62%
Burmese,10.94%,2.25%,6.34%,4.77%,4.26%,2.71%,3.40%,25.88%,0.79%,1.10%,34.58%,5.47%,0.72%,0.63%,6.28%,2.20%,1.03%,100.00%,3.07%,27.35%,0.46%,15.39%,1.64%,1.87%,1.03%,3.11%,2.15%,15.94%,4.21%,3.01%,0.00%,4.49%,4.91%,1.11%,24.71%,1.19%,1.21%,19.64%,10.51%,2.65%,6.01%,7.16%,10.16%,2.68%,35.06%,2.79%,18.90%,5.20%,5.21%,7.43%,12.18%,0.32%,14.39%,4.78%,0.57%,3.34%,0.35%,2.88%,3.33%,3.22%,0.63%,3.98%,16.48%,1.12%,2.03%,2.53%,2.48%,3.59%,13.46%,1.06%,36.54%,2.59%,1.82%,8.74%,4.21%,5.06%,33.45%
Cafes,2.11%,4.84%,22.09%,20.81%,1.20%,5.14%,0.00%,17.22%,0.13%,0.00%,2.26%,5.62%,2.00%,7.37%,25.44%,15.44%,6.98%,3.07%,50.00%,2.84%,0.00%,16.38%,9.19%,6.23%,0.19%,4.50%,15.60%,8.23%,15.49%,7.42%,0.00%,12.91%,4.34%,11.65%,0.00%,2.78%,0.00%,11.98%,2.14%,9.94%,21.73%,16.77%,11.51%,3.42%,3.24%,11.24%,7.28%,17.26%,18.84%,9.97%,5.16%,3.64%,6.58%,0.00%,4.27%,4.24%,7.53%,2.68%,14.49%,10.62%,7.45%,16.94%,2.33%,0.19%,8.54%,7.97%,9.21%,15.00%,8.51%,8.88%,15.49%,9.02%,3.41%,0.00%,11.68%,14.93%,12.00%
Cambodian,6.25%,1.68%,5.66%,3.38%,2.79%,0.91%,1.77%,17.38%,1.51%,0.57%,17.98%,1.31%,0.34%,0.49%,4.53%,1.35%,0.93%,27.35%,2.84%,100.00%,0.24%,13.40%,1.45%,1.31%,0.53%,3.40%,1.39%,22.21%,2.30%,2.03%,0.00%,3.22%,3.06%,1.16%,12.84%,0.37%,0.63%,10.77%,18.69%,1.93%,5.01%,7.80%,9.47%,1.08%,34.44%,4.22%,30.39%,3.70%,4.54%,5.43%,8.13%,0.73%,7.89%,2.51%,1.03%,2.86%,0.16%,1.35%,3.18%,2.46%,0.30%,2.54%,28.60%,0.58%,1.32%,1.55%,1.44%,1.99%,11.20%,0.44%,41.97%,1.03%,0.91%,4.55%,3.78%,3.89%,34.87%
Catalan,2.16%,1.73%,24.36%,24.36%,5.70%,0.33%,6.65%,0.65%,0.01%,20.24%,0.66%,50.00%,25.89%,1.04%,0.00%,26.59%,0.00%,0.46%,0.00%,0.24%,50.00%,0.50%,0.00%,1.21%,20.62%,3.29%,0.00%,0.15%,29.55%,19.64%,0.00%,15.29%,5.70%,0.09%,0.93%,0.00%,18.63%,1.32%,0.11%,26.59%,25.31%,0.23%,0.34%,10.37%,0.33%,1.07%,0.20%,18.21%,0.54%,5.70%,0.89%,34.11%,1.81%,4.59%,0.43%,15.92%,38.90%,8.95%,0.00%,13.25%,26.59%,0.00%,0.17%,19.75%,0.00%,24.36%,50.00%,24.36%,0.50%,50.00%,0.31%,10.70%,11.95%,2.56%,0.00%,0.00%,0.33%
Chinese,8.89%,4.54%,21.61%,25.21%,8.39%,5.10%,2.57%,48.07%,0.92%,1.20%,11.63%,4.77%,1.62%,8.12%,22.63%,9.28%,23.32%,15.39%,16.38%,13.40%,0.50%,100.00%,7.85%,10.91%,1.16%,7.91%,22.63%,24.32%,12.60%,8.36%,0.00%,19.79%,13.80%,17.81%,10.32%,5.85%,1.27%,26.47%,5.08%,11.16%,24.32%,42.04%,50.77%,5.60%,13.90%,12.56%,16.39%,21.64%,26.30%,18.64%,39.14%,3.16%,23.49%,3.04%,5.61%,7.55%,2.02%,5.07%,16.47%,8.25%,2.75%,22.51%,9.43%,1.18%,11.29%,11.12%,8.39%,18.69%,67.16%,9.50%,32.87%,4.58%,5.35%,6.98%,10.08%,17.50%,38.61%
Comfort_Food,0.77%,1.08%,11.73%,10.49%,0.50%,1.55%,0.00%,8.56%,-0.04%,0.00%,-0.03%,1.35%,0.96%,3.04%,11.11%,2.48%,3.85%,1.64%,9.19%,1.45%,0.00%,7.85%,50.00%,3.21%,-0.02%,2.19%,8.40%,4.69%,4.93%,3.38%,0.00%,6.03%,2.60%,6.84%,0.00%,1.14%,0.00%,3.81%,0.82%,4.29%,10.17%,8.09%,5.53%,0.85%,1.04%,6.04%,3.01%,7.78%,9.96%,4.35%,3.65%,1.29%,2.68%,0.00%,2.75%,1.54%,0.36%,1.44%,7.89%,2.40%,-0.09%,8.61%,1.36%,-0.02%,5.58%,4.81%,4.40%,7.16%,3.88%,3.84%,7.14%,0.27%,1.32%,0.00%,4.67%,7.27%,6.48%
Cuban,1.79%,1.62%,10.16%,10.49%,3.01%,4.30%,0.20%,7.21%,-0.01%,0.64%,0.00%,2.98%,1.02%,6.18%,9.38%,4.06%,8.89%,1.87%,6.23%,1.31%,1.21%,10.91%,3.21%,100.00%,0.68%,4.43%,6.42%,5.00%,5.40%,3.96%,0.00%,8.24%,5.99%,6.63%,0.04%,2.61%,0.57%,8.42%,-0.04%,5.33%,9.96%,7.17%,6.26%,2.26%,0.45%,15.77%,4.38%,9.29%,30.85%,7.89%,4.72%,3.16%,7.29%,0.13%,11.17%,2.17%,2.20%,1.15%,5.94%,3.61%,1.10%,8.71%,3.03%,0.60%,4.67%,6.58%,5.38%,8.83%,4.65%,5.88%,8.54%,1.12%,3.82%,0.11%,5.05%,7.17%,6.61%
Czech,4.75%,1.62%,17.69%,17.78%,9.60%,0.13%,13.76%,1.50%,0.01%,44.06%,1.49%,20.61%,34.93%,0.40%,-0.06%,29.93%,-0.05%,1.03%,0.19%,0.53%,20.62%,1.16%,-0.02%,0.68%,100.00%,3.91%,0.04%,0.33%,32.11%,45.38%,0.00%,23.16%,9.59%,0.07%,2.08%,-0.01%,40.05%,2.85%,2.19%,29.79%,31.48%,0.56%,1.23%,16.91%,0.76%,0.42%,0.41%,20.82%,0.30%,9.57%,2.13%,14.40%,4.01%,9.29%,0.17%,38.60%,16.28%,21.71%,-0.05%,25.31%,29.82%,-0.04%,0.36%,93.23%,-0.03%,17.71%,20.58%,17.69%,1.18%,20.57%,0.75%,20.03%,28.22%,5.92%,-0.04%,-0.06%,0.78%
Ethiopian,7.84%,22.71%,8.25%,7.22%,17.22%,2.13%,8.64%,7.58%,0.07%,4.45%,2.85%,4.51%,3.43%,2.08%,5.64%,5.29%,2.59%,3.11%,4.50%,3.40%,3.29%,7.91%,2.19%,4.43%,3.91%,100.00%,3.29%,4.13%,6.45%,5.99%,0.00%,13.40%,19.64%,5.85%,3.54%,1.81%,4.86%,12.22%,1.64%,6.07%,10.92%,8.09%,6.83%,14.40%,2.18%,5.01%,4.24%,14.62%,6.26%,23.17%,2.93%,5.17%,9.40%,9.93%,3.25%,5.35%,2.90%,5.62%,3.74%,3.44%,2.56%,6.49%,2.47%,4.52%,3.75%,5.40%,6.43%,6.22%,6.05%,7.60%,9.22%,9.86%,6.47%,4.84%,9.06%,8.16%,7.98%
Fast_Food,1.80%,5.09%,18.59%,27.81%,3.98%,4.16%,0.00%,16.15%,0.42%,0.00%,1.71%,3.99%,0.31%,7.21%,22.34%,12.05%,16.13%,2.15%,15.60%,1.39%,0.00%,22.63%,8.40%,6.42%,0.04%,3.29%,50.00%,9.06%,8.19%,6.68%,0.00%,15.54%,7.57%,13.92%,0.00%,3.06%,0.00%,15.15%,0.53%,10.63%,22.68%,15.26%,10.27%,2.43%,0.41%,8.68%,4.84%,16.65%,26.95%,11.24%,9.15%,1.77%,11.87%,0.00%,3.10%,6.65%,3.18%,0.86%,16.41%,7.99%,3.77%,16.66%,1.31%,0.04%,9.40%,9.05%,5.85%,14.84%,6.97%,7.26%,14.49%,5.56%,1.79%,0.00%,7.43%,14.09%,11.25%
Filipino,3.77%,1.93%,7.64%,9.31%,1.86%,4.82%,1.00%,22.48%,2.12%,0.36%,9.44%,1.49%,0.29%,3.82%,8.57%,3.14%,6.27%,15.94%,8.23%,22.21%,0.15%,24.32%,4.69%,5.00%,0.33%,4.13%,9.06%,100.00%,4.73%,2.62%,0.00%,6.93%,4.24%,14.86%,6.92%,3.40%,0.39%,10.17%,12.72%,2.83%,7.49%,24.01%,25.46%,1.61%,18.87%,5.57%,19.70%,7.13%,7.90%,6.70%,10.55%,1.20%,6.83%,1.34%,2.55%,2.32%,0.36%,1.35%,6.16%,2.82%,0.60%,10.00%,17.27%,0.35%,6.44%,5.20%,3.17%,6.36%,20.16%,5.57%,25.88%,1.41%,0.97%,2.79%,4.25%,6.05%,32.02%
French,3.80%,5.44%,45.42%,40.59%,6.72%,3.97%,9.00%,14.93%,0.21%,29.83%,4.24%,36.55%,44.27%,6.02%,18.05%,54.50%,6.02%,4.21%,15.49%,2.30%,29.55%,12.60%,4.93%,5.40%,32.11%,6.45%,8.19%,4.73%,100.00%,37.93%,0.00%,25.73%,9.44%,7.27%,1.34%,2.60%,26.84%,10.61%,0.43%,48.24%,47.22%,14.80%,9.36%,15.20%,0.86%,10.35%,6.41%,30.07%,11.40%,13.79%,3.72%,22.24%,7.54%,6.09%,2.66%,28.59%,29.22%,15.45%,8.29%,28.51%,49.35%,16.65%,2.81%,28.94%,5.87%,35.33%,42.54%,45.72%,7.77%,39.44%,11.62%,19.84%,22.04%,3.81%,6.54%,9.72%,9.32%
German,5.67%,3.68%,29.31%,29.38%,8.89%,1.82%,12.82%,8.76%,-0.03%,38.49%,2.17%,21.70%,36.91%,3.99%,10.02%,37.08%,3.56%,3.01%,7.42%,2.03%,19.64%,8.36%,3.38%,3.96%,45.38%,5.99%,6.68%,2.62%,37.93%,100.00%,0.00%,27.02%,11.06%,4.67%,2.04%,0.68%,35.45%,7.71%,0.71%,38.05%,37.68%,7.12%,5.24%,16.01%,1.74%,5.81%,2.58%,25.31%,9.78%,13.43%,4.82%,15.12%,7.20%,8.66%,1.76%,41.38%,17.35%,24.05%,6.26%,32.17%,32.62%,7.62%,0.80%,39.83%,4.21%,22.69%,23.15%,26.07%,4.29%,23.54%,6.46%,20.14%,28.72%,5.81%,3.66%,6.01%,4.96%
Gluten-Free,0.00%,0.00%,0.00%,0.00%,0.00%,0.00%,0.00%,0.00%,0.00%,0.00%,0.00%,0.00%,0.00%,0.00%,0.00%,0.00%,0.00%,0.00%,0.00%,0.00%,0.00%,0.00%,0.00%,0.00%,0.00%,0.00%,0.00%,0.00%,0.00%,0.00%,0.00%,0.00%,0.00%,0.00%,0.00%,0.00%,0.00%,0.00%,0.00%,0.00%,0.00%,0.00%,0.00%,0.00%,0.00%,0.00%,0.00%,0.00%,0.00%,0.00%,0.00%,0.00%,0.00%,0.00%,0.00%,0.00%,0.00%,0.00%,0.00%,0.00%,0.00%,0.00%,0.00%,0.00%,0.00%,0.00%,0.00%,0.00%,0.00%,0.00%,0.00%,0.00%,0.00%,0.00%,0.00%,0.00%,0.00%
Greek,9.35%,5.77%,28.67%,30.02%,21.54%,3.01%,20.26%,16.92%,0.70%,26.33%,2.16%,18.36%,18.30%,5.02%,20.08%,21.32%,9.22%,4.49%,12.91%,3.22%,15.29%,19.79%,6.03%,8.24%,23.16%,13.40%,15.54%,6.93%,25.73%,27.02%,0.00%,100.00%,26.59%,9.25%,2.80%,2.31%,28.49%,16.21%,1.36%,26.71%,50.57%,14.13%,9.61%,37.46%,1.91%,11.88%,4.20%,66.14%,22.53%,34.53%,9.68%,15.53%,14.67%,14.55%,4.06%,27.26%,12.42%,18.32%,14.06%,16.83%,15.25%,14.93%,2.13%,26.70%,8.38%,17.60%,21.70%,22.73%,7.33%,21.76%,16.31%,35.63%,26.58%,7.22%,9.79%,15.52%,12.64%
Halal,16.55%,7.84%,10.49%,10.91%,57.30%,1.28%,27.13%,9.76%,0.04%,10.79%,8.79%,7.07%,6.79%,1.77%,8.27%,8.72%,15.40%,4.91%,4.34%,3.06%,5.70%,13.80%,2.60%,5.99%,9.59%,19.64%,7.57%,4.24%,9.44%,11.06%,0.00%,26.59%,100.00%,3.52%,6.25%,1.91%,11.98%,24.71%,0.88%,9.78%,18.93%,5.71%,5.36%,29.30%,2.31%,5.44%,3.82%,25.66%,10.96%,65.11%,8.75%,6.08%,30.75%,28.95%,2.62%,13.13%,4.97%,11.91%,6.21%,9.32%,5.80%,6.22%,2.12%,11.04%,3.52%,6.36%,8.00%,7.92%,4.68%,7.71%,10.02%,27.31%,15.09%,12.67%,4.77%,7.93%,7.74%
Hawaiian,0.85%,1.58%,13.16%,15.52%,0.38%,4.34%,0.07%,17.35%,1.03%,0.10%,0.12%,0.73%,-0.04%,7.14%,13.88%,4.06%,7.17%,1.11%,11.65%,1.16%,0.09%,17.81%,6.84%,6.63%,0.07%,5.85%,13.92%,14.86%,7.27%,4.67%,0.00%,9.25%,3.52%,100.00%,0.15%,4.67%,0.10%,6.65%,0.16%,5.41%,12.73%,25.28%,20.05%,2.50%,0.10%,8.35%,8.20%,10.68%,16.48%,6.38%,4.21%,1.44%,2.55%,0.07%,4.71%,1.70%,0.85%,0.69%,9.31%,1.86%,0.00%,16.84%,2.05%,0.06%,10.41%,7.36%,5.83%,11.18%,13.26%,8.35%,15.36%,0.65%,2.50%,0.14%,6.25%,9.77%,15.69%
Himalayan/Nepalese,21.24%,1.67%,0.77%,0.77%,6.25%,0.01%,6.87%,22.25%,0.39%,2.22%,35.66%,0.93%,1.48%,0.03%,0.00%,1.28%,0.00%,24.71%,0.00%,12.84%,0.93%,10.32%,0.00%,0.04%,2.08%,3.54%,0.00%,6.92%,1.34%,2.04%,0.00%,2.80%,6.25%,0.15%,50.00%,0.00%,2.44%,33.50%,5.48%,1.28%,1.81%,3.80%,6.71%,3.93%,17.75%,0.02%,9.91%,2.11%,0.03%,6.25%,11.62%,0.71%,25.46%,9.55%,0.01%,2.63%,0.72%,4.34%,0.00%,2.00%,1.28%,0.00%,8.53%,2.28%,0.00%,0.77%,0.93%,0.77%,10.32%,0.93%,16.57%,4.19%,3.69%,17.47%,0.00%,0.00%,16.61%
Hot_Pot,0.33%,0.40%,2.96%,3.64%,-0.03%,3.25%,0.00%,4.41%,-0.02%,0.00%,-0.01%,-0.05%,-0.04%,1.95%,3.24%,0.75%,2.16%,1.19%,2.78%,0.37%,0.00%,5.85%,1.14%,2.61%,-0.01%,1.81%,3.06%,3.40%,2.60%,0.68%,0.00%,2.31%,1.91%,4.67%,0.00%,50.00%,0.00%,2.84%,-0.04%,0.98%,2.88%,7.65%,7.08%,1.13%,-0.05%,1.87%,3.42%,3.09%,2.77%,2.43%,1.04%,0.91%,1.89%,0.00%,1.80%,0.82%,0.22%,0.16%,2.21%,1.28%,-0.03%,5.64%,2.79%,-0.01%,1.68%,2.08%,2.18%,4.39%,5.49%,4.33%,4.94%,0.43%,2.50%,0.00%,2.32%,2.88%,6.04%
Hungarian,5.65%,2.00%,14.47%,14.47%,11.98%,0.13%,16.76%,1.75%,0.02%,44.93%,1.74%,18.63%,28.43%,0.40%,0.00%,24.23%,0.00%,1.21%,0.00%,0.63%,18.63%,1.27%,0.00%,0.57%,40.05%,4.86%,0.00%,0.39%,26.84%,35.45%,0.00%,28.49%,11.98%,0.10%,2.44%,0.00%,50.00%,3.42%,0.28%,24.23%,33.33%,0.54%,0.84%,21.12%,0.88%,0.40%,0.50%,24.31%,0.28%,11.98%,2.27%,13.46%,4.76%,11.34%,0.16%,38.09%,14.55%,22.82%,0.00%,21.41%,24.23%,0.00%,0.43%,46.13%,0.00%,14.47%,18.63%,14.47%,1.27%,18.63%,0.81%,24.95%,31.90%,6.85%,0.00%,0.00%,0.89%
Indian,33.09%,7.80%,11.80%,12.67%,16.83%,4.91%,9.89%,27.62%,0.35%,3.10%,31.04%,6.60%,2.92%,5.71%,13.89%,16.46%,20.18%,19.64%,11.98%,10.77%,1.32%,26.47%,3.81%,8.42%,2.85%,12.22%,15.15%,10.17%,10.61%,7.71%,0.00%,16.21%,24.71%,6.65%,33.50%,2.84%,3.42%,100.00%,5.45%,8.30%,17.15%,14.17%,14.12%,10.43%,13.45%,7.53%,14.27%,18.39%,15.48%,25.17%,17.57%,3.55%,64.84%,14.02%,4.33%,7.54%,6.73%,7.53%,8.70%,12.47%,8.92%,11.42%,8.80%,3.15%,5.11%,5.90%,7.69%,9.55%,13.91%,6.74%,26.49%,17.22%,8.06%,22.69%,9.46%,16.95%,20.41%
Indonesian,3.95%,1.37%,1.76%,1.11%,0.93%,-0.01%,0.84%,7.96%,3.36%,0.26%,7.56%,0.07%,2.94%,1.09%,1.47%,0.19%,-0.05%,10.51%,2.14%,18.69%,0.11%,5.08%,0.82%,-0.04%,2.19%,1.64%,0.53%,12.72%,0.43%,0.71%,0.00%,1.36%,0.88%,0.16%,5.48%,-0.04%,0.28%,5.45%,100.00%,0.69%,1.07%,3.31%,4.07%,0.62%,18.16%,1.19%,27.56%,2.64%,0.78%,1.27%,3.04%,1.66%,4.29%,1.22%,2.15%,0.42%,0.07%,3.69%,0.73%,0.17%,0.11%,0.51%,31.89%,2.21%,0.09%,-0.04%,0.10%,0.27%,3.58%,0.64%,17.05%,1.38%,0.38%,1.92%,0.86%,0.97%,12.00%
Irish,4.62%,4.49%,49.39%,49.45%,6.86%,1.42%,8.21%,12.21%,1.81%,26.96%,1.17%,30.64%,43.78%,4.14%,16.48%,59.59%,2.95%,2.65%,9.94%,1.93%,26.59%,11.16%,4.29%,5.33%,29.79%,6.07%,10.63%,2.83%,48.24%,38.05%,0.00%,26.71%,9.78%,5.41%,1.28%,0.98%,24.23%,8.30%,0.69%,100.00%,41.15%,9.27%,4.39%,11.63%,1.37%,9.67%,1.98%,27.82%,17.60%,13.30%,5.63%,19.62%,7.02%,5.54%,2.54%,28.09%,23.62%,15.93%,10.42%,28.81%,51.24%,11.52%,0.61%,26.22%,5.02%,35.35%,31.50%,41.13%,3.35%,30.34%,9.10%,15.37%,18.09%,3.65%,6.94%,10.62%,6.98%
Italian,7.11%,7.27%,50.84%,48.00%,13.05%,4.26%,13.11%,24.33%,0.30%,34.09%,2.65%,33.14%,29.03%,8.31%,32.22%,37.34%,9.67%,6.01%,21.73%,5.01%,25.31%,24.32%,10.17%,9.96%,31.48%,10.92%,22.68%,7.49%,47.22%,37.68%,0.00%,50.57%,18.93%,12.73%,1.81%,2.88%,33.33%,17.15%,1.07%,41.15%,100.00%,20.31%,11.92%,24.70%,1.67%,19.65%,5.55%,56.15%,32.51%,26.49%,10.92%,22.96%,13.98%,9.07%,5.87%,32.83%,22.76%,16.98%,21.77%,23.94%,27.96%,24.86%,2.06%,33.75%,11.11%,27.43%,36.62%,40.95%,9.11%,35.53%,20.94%,26.39%,25.24%,4.94%,13.87%,21.91%,15.56%
Japanese,3.83%,3.11%,20.64%,20.64%,1.50%,5.64%,0.95%,33.86%,1.28%,0.52%,4.88%,2.92%,0.80%,10.04%,19.58%,8.97%,8.53%,7.16%,16.77%,7.80%,0.23%,42.04%,8.09%,7.17%,0.56%,8.09%,15.26%,24.01%,14.80%,7.12%,0.00%,14.13%,5.71%,25.28%,3.80%,7.65%,0.54%,14.17%,3.31%,9.27%,20.31%,100.00%,54.18%,5.56%,6.67%,11.58%,15.00%,17.47%,18.69%,11.94%,16.55%,3.54%,8.22%,1.09%,5.65%,3.48%,1.97%,2.64%,13.01%,4.38%,2.05%,24.14%,6.55%,0.55%,11.79%,9.88%,11.03%,19.75%,36.13%,13.80%,27.05%,3.14%,6.06%,2.49%,11.18%,15.31%,29.87%
Korean,4.76%,1.89%,11.52%,12.64%,1.58%,5.44%,1.61%,33.13%,0.91%,0.80%,8.09%,1.28%,0.84%,8.15%,11.57%,5.56%,6.92%,10.16%,11.51%,9.47%,0.34%,50.77%,5.53%,6.26%,1.23%,6.83%,10.27%,25.46%,9.36%,5.24%,0.00%,9.61%,5.36%,20.05%,6.71%,7.08%,0.84%,14.12%,4.07%,4.39%,11.92%,54.18%,100.00%,4.14%,10.38%,6.90%,15.62%,11.07%,10.81%,9.49%,21.24%,2.37%,8.82%,1.89%,4.65%,2.97%,1.63%,2.96%,7.68%,3.39%,1.91%,16.43%,8.22%,1.23%,8.76%,7.15%,7.25%,12.36%,48.85%,10.30%,23.94%,2.86%,5.37%,4.34%,7.11%,9.55%,32.75%
Kosher,10.35%,5.07%,10.40%,10.08%,27.75%,2.13%,26.80%,6.19%,0.02%,19.14%,2.83%,10.89%,12.30%,2.44%,3.91%,11.81%,2.57%,2.68%,3.42%,1.08%,10.37%,5.60%,0.85%,2.26%,16.91%,14.40%,2.43%,1.61%,15.20%,16.01%,0.00%,37.46%,29.30%,2.50%,3.93%,1.13%,21.12%,10.43%,0.62%,11.63%,24.70%,5.56%,4.14%,100.00%,1.34%,2.61%,2.58%,32.39%,4.10%,34.74%,3.60%,10.22%,10.55%,20.56%,1.80%,17.79%,8.31%,16.98%,2.50%,9.87%,10.51%,3.85%,2.49%,19.56%,2.16%,8.95%,12.23%,9.98%,3.87%,13.31%,6.02%,38.87%,23.03%,9.55%,3.60%,5.08%,3.59%
Laotian,9.23%,1.24%,3.35%,2.45%,2.57%,-0.04%,2.44%,22.49%,1.05%,0.81%,24.61%,0.28%,7.73%,1.33%,2.53%,0.48%,0.04%,35.06%,3.24%,34.44%,0.33%,13.90%,1.04%,0.45%,0.76%,2.18%,0.41%,18.87%,0.86%,1.74%,0.00%,1.91%,2.31%,0.10%,17.75%,-0.05%,0.88%,13.45%,18.16%,1.37%,1.67%,6.67%,10.38%,1.34%,100.00%,0.85%,21.82%,3.68%,1.28%,3.11%,9.95%,2.83%,10.51%,3.40%,1.84%,1.27%,0.23%,4.91%,0.93%,0.94%,0.44%,1.01%,19.70%,0.82%,0.33%,0.21%,0.27%,0.79%,12.50%,1.06%,41.89%,2.59%,1.31%,6.46%,1.09%,1.28%,40.78%
Latin_American,1.99%,3.75%,22.16%,16.57%,1.92%,12.65%,0.15%,13.68%,0.66%,0.44%,0.40%,5.67%,1.43%,22.34%,18.06%,6.53%,4.30%,2.79%,11.24%,4.22%,1.07%,12.56%,6.04%,15.77%,0.42%,5.01%,8.68%,5.57%,10.35%,5.81%,0.00%,11.88%,5.44%,8.35%,0.02%,1.87%,0.40%,7.53%,1.19%,9.67%,19.65%,11.58%,6.90%,2.61%,0.85%,100.00%,3.69%,14.76%,23.41%,10.08%,4.99%,3.46%,6.12%,0.10%,25.36%,4.66%,1.86%,1.65%,12.06%,4.12%,1.24%,12.83%,1.14%,0.39%,8.05%,8.44%,8.68%,11.88%,5.45%,5.85%,12.53%,1.69%,2.18%,0.05%,9.57%,12.75%,10.44%
Malaysian,4.73%,2.52%,3.81%,4.86%,1.57%,4.87%,1.48%,16.65%,1.89%,0.45%,15.58%,2.84%,0.23%,4.34%,5.28%,8.85%,3.54%,18.90%,7.28%,30.39%,0.20%,16.39%,3.01%,4.38%,0.41%,4.24%,4.84%,19.70%,6.41%,2.58%,0.00%,4.20%,3.82%,8.20%,9.91%,3.42%,0.50%,14.27%,27.56%,1.98%,5.55%,15.00%,15.62%,2.58%,21.82%,3.69%,100.00%,5.58%,4.29%,5.01%,4.49%,0.75%,7.88%,2.15%,1.83%,1.30%,4.27%,1.06%,2.37%,3.86%,7.83%,8.38%,62.56%,0.45%,5.32%,3.35%,5.59%,5.68%,20.02%,5.52%,35.97%,4.63%,5.09%,3.47%,2.77%,4.84%,25.95%
Mediterranean,9.50%,7.50%,35.11%,32.81%,19.96%,3.81%,14.98%,20.19%,1.12%,23.32%,1.82%,23.53%,19.54%,7.10%,24.07%,24.94%,10.21%,5.20%,17.26%,3.70%,18.21%,21.64%,7.78%,9.29%,20.82%,14.62%,16.65%,7.13%,30.07%,25.31%,0.00%,66.14%,25.66%,10.68%,2.11%,3.09%,24.31%,18.39%,2.64%,27.82%,56.15%,17.47%,11.07%,32.39%,3.68%,14.76%,5.58%,100.00%,24.56%,36.02%,10.10%,22.85%,15.91%,11.03%,5.74%,23.90%,16.11%,15.63%,16.96%,17.24%,17.29%,18.59%,2.40%,23.46%,9.17%,19.34%,26.76%,26.52%,8.45%,27.22%,19.77%,29.31%,21.34%,5.31%,12.81%,20.93%,14.57%
Mexican,2.80%,4.75%,32.38%,34.79%,5.03%,4.75%,0.10%,21.89%,0.73%,0.31%,0.42%,5.61%,1.52%,8.42%,30.39%,10.18%,16.33%,5.21%,18.84%,4.54%,0.54%,26.30%,9.96%,30.85%,0.30%,6.26%,26.95%,7.90%,11.40%,9.78%,0.00%,22.53%,10.96%,16.48%,0.03%,2.77%,0.28%,15.48%,0.78%,17.60%,32.51%,18.69%,10.81%,4.10%,1.28%,23.41%,4.29%,24.56%,100.00%,17.26%,12.29%,3.55%,13.51%,0.07%,11.93%,7.18%,1.75%,2.00%,21.82%,7.37%,1.12%,22.30%,1.69%,0.25%,11.72%,12.18%,9.51%,21.49%,8.02%,8.78%,20.60%,2.78%,3.27%,0.07%,13.72%,21.35%,15.22%
Middle_Eastern,17.71%,9.82%,17.68%,16.91%,60.58%,4.12%,27.13%,15.24%,0.32%,10.79%,6.02%,9.90%,7.18%,4.14%,15.31%,13.82%,13.68%,7.43%,9.97%,5.43%,5.70%,18.64%,4.35%,7.89%,9.57%,23.17%,11.24%,6.70%,13.79%,13.43%,0.00%,34.53%,65.11%,6.38%,6.25%,2.43%,11.98%,25.17%,1.27%,13.30%,26.49%,11.94%,9.49%,34.74%,3.11%,10.08%,5.01%,36.02%,17.26%,100.00%,10.28%,12.22%,26.34%,28.95%,4.34%,15.13%,5.86%,12.88%,11.32%,12.10%,7.97%,10.79%,2.81%,11.03%,6.08%,9.25%,10.58%,12.43%,8.70%,10.13%,15.90%,29.08%,15.98%,12.67%,10.84%,14.81%,13.12%
Mongolian,9.97%,1.99%,9.60%,11.08%,7.64%,1.38%,4.27%,30.12%,0.47%,2.14%,10.81%,1.98%,2.07%,2.27%,9.66%,4.54%,12.15%,12.18%,5.16%,8.13%,0.89%,39.14%,3.65%,4.72%,2.13%,2.93%,9.15%,10.55%,3.72%,4.82%,0.00%,9.68%,8.75%,4.21%,11.62%,1.04%,2.27%,17.57%,3.04%,5.63%,10.92%,16.55%,21.24%,3.60%,9.95%,4.99%,4.49%,10.10%,12.29%,10.28%,100.00%,2.28%,18.05%,4.80%,1.99%,5.64%,0.74%,5.18%,9.17%,6.85%,1.80%,6.67%,3.68%,2.16%,3.94%,4.94%,2.71%,6.68%,29.26%,2.71%,13.95%,3.65%,4.34%,10.94%,4.38%,9.03%,15.47%
Moroccan,2.67%,3.48%,22.48%,21.81%,5.38%,1.51%,5.16%,3.37%,-0.02%,14.42%,0.49%,34.30%,19.56%,3.69%,3.61%,19.19%,0.68%,0.32%,3.64%,0.73%,34.11%,3.16%,1.29%,3.16%,14.40%,5.17%,1.77%,1.20%,22.24%,15.12%,0.00%,15.53%,6.08%,1.44%,0.71%,0.91%,13.46%,3.55%,1.66%,19.62%,22.96%,3.54%,2.37%,10.22%,2.83%,3.46%,0.75%,22.85%,3.55%,12.22%,2.28%,100.00%,2.70%,3.64%,1.52%,11.55%,38.56%,7.34%,2.17%,9.90%,18.17%,3.39%,0.58%,14.09%,1.41%,19.95%,35.66%,21.58%,2.41%,37.51%,3.45%,9.08%,9.75%,1.91%,2.23%,2.96%,2.49%
Pakistani,45.76%,6.07%,9.98%,10.62%,21.24%,1.65%,13.48%,22.00%,0.16%,4.31%,19.42%,4.81%,4.10%,2.84%,10.43%,9.21%,23.08%,14.39%,6.58%,7.89%,1.81%,23.49%,2.68%,7.29%,4.01%,9.40%,11.87%,6.83%,7.54%,7.20%,0.00%,14.67%,30.75%,2.55%,25.46%,1.89%,4.76%,64.84%,4.29%,7.02%,13.98%,8.22%,8.82%,10.55%,10.51%,6.12%,7.88%,15.91%,13.51%,26.34%,18.05%,2.70%,100.00%,18.54%,3.36%,8.38%,2.48%,9.44%,7.44%,8.83%,4.77%,7.36%,6.17%,4.41%,3.67%,5.06%,5.25%,7.63%,10.51%,4.61%,18.07%,14.17%,8.64%,31.83%,5.54%,10.85%,14.28%
Persian/Iranian,22.28%,3.62%,3.30%,3.30%,28.95%,0.05%,33.77%,5.42%,0.08%,10.20%,6.89%,4.59%,6.49%,0.13%,0.00%,5.54%,0.00%,4.78%,0.00%,2.51%,4.59%,3.04%,0.00%,0.13%,9.29%,9.93%,0.00%,1.34%,6.09%,8.66%,0.00%,14.55%,28.95%,0.07%,9.55%,0.00%,11.34%,14.02%,1.22%,5.54%,9.07%,1.09%,1.89%,20.56%,3.40%,0.10%,2.15%,11.03%,0.07%,28.95%,4.80%,3.64%,18.54%,50.00%,0.04%,11.08%,3.58%,14.59%,0.00%,6.78%,5.54%,0.00%,1.83%,10.49%,0.00%,3.30%,4.59%,3.30%,3.04%,4.59%,3.27%,21.43%,15.47%,21.75%,0.00%,0.00%,3.20%
Peruvian,1.75%,1.33%,6.06%,5.06%,0.11%,15.59%,0.06%,4.92%,0.05%,0.18%,-0.02%,1.07%,1.32%,12.52%,5.68%,2.00%,1.63%,0.57%,4.27%,1.03%,0.43%,5.61%,2.75%,11.17%,0.17%,3.25%,3.10%,2.55%,2.66%,1.76%,0.00%,4.06%,2.62%,4.71%,0.01%,1.80%,0.16%,4.33%,2.15%,2.54%,5.87%,5.65%,4.65%,1.80%,1.84%,25.36%,1.83%,5.74%,11.93%,4.34%,1.99%,1.52%,3.36%,0.04%,100.00%,1.65%,0.50%,0.89%,3.59%,1.64%,0.25%,4.99%,0.63%,0.16%,2.73%,2.92%,2.86%,4.03%,3.20%,2.65%,5.70%,1.50%,1.18%,0.02%,3.26%,4.32%,4.78%
Polish,7.47%,3.01%,20.22%,20.43%,11.01%,1.25%,16.36%,6.30%,0.28%,37.88%,2.83%,17.44%,27.93%,1.61%,6.49%,29.44%,1.53%,3.34%,4.24%,2.86%,15.92%,7.55%,1.54%,2.17%,38.60%,5.35%,6.65%,2.32%,28.59%,41.38%,0.00%,27.26%,13.13%,1.70%,2.63%,0.82%,38.09%,7.54%,0.42%,28.09%,32.83%,3.48%,2.97%,17.79%,1.27%,4.66%,1.30%,23.90%,7.18%,15.13%,5.64%,11.55%,8.38%,11.08%,1.65%,100.00%,14.45%,29.08%,4.77%,44.05%,26.28%,3.82%,0.42%,38.31%,1.76%,16.59%,16.60%,17.49%,3.02%,15.99%,4.93%,25.60%,35.37%,7.51%,2.66%,3.55%,4.87%
Portuguese,1.65%,5.17%,25.37%,25.94%,4.49%,3.40%,5.17%,2.20%,0.00%,15.85%,7.13%,43.99%,21.22%,3.72%,3.76%,37.69%,0.41%,0.35%,7.53%,0.16%,38.90%,2.02%,0.36%,2.20%,16.28%,2.90%,3.18%,0.36%,29.22%,17.35%,0.00%,12.42%,4.97%,0.85%,0.72%,0.22%,14.55%,6.73%,0.07%,23.62%,22.76%,1.97%,1.63%,8.31%,0.23%,1.86%,4.27%,16.11%,1.75%,5.86%,0.74%,38.56%,2.48%,3.58%,0.50%,14.45%,100.00%,7.07%,0.29%,22.57%,33.64%,1.70%,0.65%,15.45%,0.51%,24.98%,41.97%,26.06%,0.80%,39.65%,2.17%,20.11%,10.26%,2.00%,0.68%,1.45%,0.78%
Russian,10.15%,2.25%,11.54%,10.90%,11.31%,0.97%,20.30%,6.05%,0.02%,21.69%,3.11%,9.66%,18.77%,1.69%,2.35%,14.66%,0.31%,2.88%,2.68%,1.35%,8.95%,5.07%,1.44%,1.15%,21.71%,5.62%,0.86%,1.35%,15.45%,24.05%,0.00%,18.32%,11.91%,0.69%,4.34%,0.16%,22.82%,7.53%,3.69%,15.93%,16.98%,2.64%,2.96%,16.98%,4.91%,1.65%,1.06%,15.63%,2.00%,12.88%,5.18%,7.34%,9.44%,14.59%,0.89%,29.08%,7.07%,100.00%,1.35%,22.35%,14.28%,1.68%,1.18%,22.11%,1.15%,9.88%,9.65%,10.26%,3.00%,10.07%,4.60%,20.88%,35.31%,12.38%,1.03%,1.76%,3.38%
Salad,1.94%,2.76%,22.63%,21.69%,3.22%,2.52%,0.00%,15.04%,0.59%,0.00%,-0.06%,2.90%,1.12%,4.58%,23.14%,6.20%,9.18%,3.33%,14.49%,3.18%,0.00%,16.47%,7.89%,5.94%,-0.05%,3.74%,16.41%,6.16%,8.29%,6.26%,0.00%,14.06%,6.21%,9.31%,0.00%,2.21%,0.00%,8.70%,0.73%,10.42%,21.77%,13.01%,7.68%,2.50%,0.93%,12.06%,2.37%,16.96%,21.82%,11.32%,9.17%,2.17%,7.44%,0.00%,3.59%,4.77%,0.29%,1.35%,50.00%,4.33%,-0.19%,14.22%,0.90%,-0.05%,7.57%,7.45%,5.29%,13.07%,5.23%,4.98%,13.31%,1.18%,1.73%,0.00%,10.85%,17.38%,10.39%
Scandinavian,5.63%,4.89%,22.90%,23.25%,7.84%,5.18%,9.80%,6.48%,0.30%,22.65%,2.48%,19.91%,25.29%,4.60%,8.38%,44.79%,3.86%,3.22%,10.62%,2.46%,13.25%,8.25%,2.40%,3.61%,25.31%,3.44%,7.99%,2.82%,28.51%,32.17%,0.00%,16.83%,9.32%,1.86%,2.00%,1.28%,21.41%,12.47%,0.17%,28.81%,23.94%,4.38%,3.39%,9.87%,0.94%,4.12%,3.86%,17.24%,7.37%,12.10%,6.85%,9.90%,8.83%,6.78%,1.64%,44.05%,22.57%,22.35%,4.33%,100.00%,37.04%,4.40%,0.32%,22.47%,1.13%,19.23%,16.54%,20.74%,2.92%,13.60%,5.44%,25.63%,21.16%,5.65%,3.45%,6.20%,4.50%
Scottish,2.83%,5.24%,29.77%,30.42%,5.84%,4.36%,8.21%,2.47%,0.00%,26.96%,7.39%,35.98%,42.55%,3.07%,3.86%,75.94%,-0.02%,0.63%,7.45%,0.30%,26.59%,2.75%,-0.09%,1.10%,29.82%,2.56%,3.77%,0.60%,49.35%,32.62%,0.00%,15.25%,5.80%,0.00%,1.28%,-0.03%,24.23%,8.92%,0.11%,51.24%,27.96%,2.05%,1.91%,10.51%,0.44%,1.24%,7.83%,17.29%,1.12%,7.97%,1.80%,18.17%,4.77%,5.54%,0.25%,26.28%,33.64%,14.28%,-0.19%,37.04%,100.00%,2.19%,0.20%,26.25%,-0.07%,29.57%,30.87%,30.84%,0.78%,26.99%,2.35%,27.93%,17.18%,3.65%,0.69%,2.21%,1.00%
Seafood,2.08%,3.79%,25.09%,25.71%,1.14%,4.65%,0.00%,21.32%,0.34%,0.00%,1.38%,3.95%,0.90%,9.88%,22.64%,9.79%,10.67%,3.98%,16.94%,2.54%,0.00%,22.51%,8.61%,8.71%,-0.04%,6.49%,16.66%,10.00%,16.65%,7.62%,0.00%,14.93%,6.22%,16.84%,0.00%,5.64%,0.00%,11.42%,0.51%,11.52%,24.86%,24.14%,16.43%,3.85%,1.01%,12.83%,8.38%,18.59%,22.30%,10.79%,6.67%,3.39%,7.36%,0.00%,4.99%,3.82%,1.70%,1.68%,14.22%,4.40%,2.19%,50.00%,3.72%,-0.04%,11.84%,12.00%,11.38%,27.32%,11.94%,13.35%,18.39%,3.27%,5.58%,0.00%,8.92%,14.83%,16.46%
Singaporean,3.76%,0.97%,1.51%,2.11%,1.37%,0.90%,1.26%,10.44%,2.23%,0.39%,11.82%,0.14%,0.23%,1.15%,1.72%,0.71%,2.10%,16.48%,2.33%,28.60%,0.17%,9.43%,1.36%,3.03%,0.36%,2.47%,1.31%,17.27%,2.81%,0.80%,0.00%,2.13%,2.12%,2.05%,8.53%,2.79%,0.43%,8.80%,31.89%,0.61%,2.06%,6.55%,8.22%,2.49%,19.70%,1.14%,62.56%,2.40%,1.69%,2.81%,3.68%,0.58%,6.17%,1.83%,0.63%,0.42%,0.65%,1.18%,0.90%,0.32%,0.20%,3.72%,100.00%,0.39%,1.21%,1.69%,2.07%,3.43%,9.68%,2.82%,29.07%,0.76%,3.15%,2.98%,0.82%,1.72%,19.66%
Slovakian,5.24%,1.86%,15.61%,15.70%,11.06%,0.13%,15.50%,1.58%,0.01%,48.64%,1.62%,19.74%,30.81%,0.38%,-0.06%,26.36%,-0.05%,1.12%,0.19%,0.58%,19.75%,1.18%,-0.02%,0.60%,93.23%,4.52%,0.04%,0.35%,28.94%,39.83%,0.00%,26.70%,11.04%,0.06%,2.28%,-0.01%,46.13%,3.15%,2.21%,26.22%,33.75%,0.55%,1.23%,19.56%,0.82%,0.39%,0.45%,23.46%,0.25%,11.03%,2.16%,14.09%,4.41%,10.49%,0.16%,38.31%,15.45%,22.11%,-0.05%,22.47%,26.25%,-0.04%,0.39%,100.00%,-0.03%,15.63%,19.71%,15.62%,1.20%,19.71%,0.81%,23.01%,30.26%,6.41%,-0.04%,-0.06%,0.83%
Soul_Food,0.82%,1.35%,10.62%,12.14%,0.71%,3.35%,0.00%,10.75%,0.25%,0.00%,0.14%,1.58%,-0.03%,4.45%,12.18%,3.61%,4.95%,2.03%,8.54%,1.32%,0.00%,11.29%,5.58%,4.67%,-0.03%,3.75%,9.40%,6.44%,5.87%,4.21%,0.00%,8.38%,3.52%,10.41%,0.00%,1.68%,0.00%,5.11%,0.09%,5.02%,11.11%,11.79%,8.76%,2.16%,0.33%,8.05%,5.32%,9.17%,11.72%,6.08%,3.94%,1.41%,3.67%,0.00%,2.73%,1.76%,0.51%,1.15%,7.57%,1.13%,-0.07%,11.84%,1.21%,-0.03%,50.00%,15.01%,4.64%,9.11%,6.76%,5.03%,9.12%,0.47%,2.16%,0.00%,5.58%,7.20%,8.76%
Southern,2.37%,3.00%,62.01%,62.78%,4.16%,3.30%,4.88%,10.62%,0.01%,16.10%,0.50%,25.93%,25.40%,4.68%,11.92%,33.18%,5.67%,2.53%,7.97%,1.55%,24.36%,11.12%,4.81%,6.58%,17.71%,5.40%,9.05%,5.20%,35.33%,22.69%,0.00%,17.60%,6.36%,7.36%,0.77%,2.08%,14.47%,5.90%,-0.04%,35.35%,27.43%,9.88%,7.15%,8.95%,0.21%,8.44%,3.35%,19.34%,12.18%,9.25%,4.94%,19.95%,5.06%,3.30%,2.92%,16.59%,24.98%,9.88%,7.45%,19.23%,29.57%,12.00%,1.69%,15.63%,15.01%,100.00%,29.39%,60.96%,5.73%,30.06%,8.23%,7.91%,12.71%,2.22%,4.84%,7.16%,7.67%
Spanish,2.46%,4.16%,36.02%,33.64%,5.64%,3.13%,6.65%,10.10%,-0.05%,20.24%,2.12%,60.97%,25.87%,4.72%,10.30%,34.85%,3.32%,2.48%,9.21%,1.44%,50.00%,8.39%,4.40%,5.38%,20.58%,6.43%,5.85%,3.17%,42.54%,23.15%,0.00%,21.70%,8.00%,5.83%,0.93%,2.18%,18.63%,7.69%,0.10%,31.50%,36.62%,11.03%,7.25%,12.23%,0.27%,8.68%,5.59%,26.76%,9.51%,10.58%,2.71%,35.66%,5.25%,4.59%,2.86%,16.60%,41.97%,9.65%,5.29%,16.54%,30.87%,11.38%,2.07%,19.71%,4.64%,29.39%,100.00%,35.78%,5.56%,64.47%,8.56%,14.47%,20.34%,2.56%,5.15%,7.46%,6.48%
Steakhouses,3.33%,4.02%,75.73%,75.51%,4.56%,4.70%,4.88%,19.79%,0.43%,16.10%,0.96%,28.50%,25.88%,12.63%,21.38%,37.16%,9.35%,3.59%,15.00%,1.99%,24.36%,18.69%,7.16%,8.83%,17.69%,6.22%,14.84%,6.36%,45.72%,26.07%,0.00%,22.73%,7.92%,11.18%,0.77%,4.39%,14.47%,9.55%,0.27%,41.13%,40.95%,19.75%,12.36%,9.98%,0.79%,11.88%,5.68%,26.52%,21.49%,12.43%,6.68%,21.58%,7.63%,3.30%,4.03%,17.49%,26.06%,10.26%,13.07%,20.74%,30.84%,27.32%,3.43%,15.62%,9.11%,60.96%,35.78%,100.00%,8.95%,37.21%,14.41%,9.17%,15.25%,2.22%,6.88%,12.85%,11.75%
Taiwanese,7.21%,1.34%,8.30%,9.00%,2.26%,4.26%,2.57%,35.71%,0.52%,1.20%,10.99%,1.58%,0.83%,5.29%,8.61%,3.58%,5.13%,13.46%,8.51%,11.20%,0.50%,67.16%,3.88%,4.65%,1.18%,6.05%,6.97%,20.16%,7.77%,4.29%,0.00%,7.33%,4.68%,13.26%,10.32%,5.49%,1.27%,13.91%,3.58%,3.35%,9.11%,36.13%,48.85%,3.87%,12.50%,5.45%,20.02%,8.45%,8.02%,8.70%,29.26%,2.41%,10.51%,3.04%,3.20%,3.02%,0.80%,3.00%,5.23%,2.92%,0.78%,11.94%,9.68%,1.20%,6.76%,5.73%,5.56%,8.95%,100.00%,7.93%,22.78%,1.64%,5.21%,6.98%,5.38%,7.15%,31.38%
Tapas_Bars,2.64%,3.34%,34.82%,35.06%,5.56%,3.62%,6.65%,11.04%,0.08%,20.24%,1.11%,51.37%,26.55%,7.01%,9.33%,30.51%,4.56%,1.06%,8.88%,0.44%,50.00%,9.50%,3.84%,5.88%,20.57%,7.60%,7.26%,5.57%,39.44%,23.54%,0.00%,21.76%,7.71%,8.35%,0.93%,4.33%,18.63%,6.74%,0.64%,30.34%,35.53%,13.80%,10.30%,13.31%,1.06%,5.85%,5.52%,27.22%,8.78%,10.13%,2.71%,37.51%,4.61%,4.59%,2.65%,15.99%,39.65%,10.07%,4.98%,13.60%,26.99%,13.35%,2.82%,19.71%,5.03%,30.06%,64.47%,37.21%,7.93%,100.00%,9.83%,11.63%,20.38%,2.56%,4.73%,6.55%,7.19%
Thai,9.10%,4.19%,20.03%,19.08%,4.66%,4.02%,2.30%,35.78%,1.36%,0.73%,24.32%,4.47%,1.52%,7.03%,19.95%,8.74%,8.89%,36.54%,15.49%,41.97%,0.31%,32.87%,7.14%,8.54%,0.75%,9.22%,14.49%,25.88%,11.62%,6.46%,0.00%,16.31%,10.02%,15.36%,16.57%,4.94%,0.81%,26.49%,17.05%,9.10%,20.94%,27.05%,23.94%,6.02%,41.89%,12.53%,35.97%,19.77%,20.60%,15.90%,13.95%,3.45%,18.07%,3.27%,5.70%,4.93%,2.17%,4.60%,13.31%,5.44%,2.35%,18.39%,29.07%,0.81%,9.12%,8.23%,8.56%,14.41%,22.78%,9.83%,100.00%,5.25%,5.17%,5.83%,12.92%,19.37%,50.69%
Turkish,11.00%,8.33%,9.39%,9.88%,24.16%,4.51%,30.45%,5.45%,0.02%,22.44%,11.25%,17.96%,14.73%,4.22%,5.28%,33.56%,0.38%,2.59%,9.02%,1.03%,10.70%,4.58%,0.27%,1.12%,20.03%,9.86%,5.56%,1.41%,19.84%,20.14%,0.00%,35.63%,27.31%,0.65%,4.19%,0.43%,24.95%,17.22%,1.38%,15.37%,26.39%,3.14%,2.86%,38.87%,2.59%,1.69%,4.63%,29.31%,2.78%,29.08%,3.65%,9.08%,14.17%,21.43%,1.50%,25.60%,20.11%,20.88%,1.18%,25.63%,27.93%,3.27%,0.76%,23.01%,0.47%,7.91%,14.47%,9.17%,1.64%,11.63%,5.25%,100.00%,27.80%,10.87%,2.30%,4.31%,2.81%
Ukrainian,8.31%,2.23%,13.25%,13.55%,13.88%,1.60%,22.74%,6.85%,0.01%,29.53%,2.62%,11.91%,19.92%,2.12%,3.41%,18.42%,2.05%,1.82%,3.41%,0.91%,11.95%,5.35%,1.32%,3.82%,28.22%,6.47%,1.79%,0.97%,22.04%,28.72%,0.00%,26.58%,15.09%,2.50%,3.69%,2.50%,31.90%,8.06%,0.38%,18.09%,25.24%,6.06%,5.37%,23.03%,1.31%,2.18%,5.09%,21.34%,3.27%,15.98%,4.34%,9.75%,8.64%,15.47%,1.18%,35.37%,10.26%,35.31%,1.73%,21.16%,17.18%,5.58%,3.15%,30.26%,2.16%,12.71%,20.34%,15.25%,5.21%,20.38%,5.17%,27.80%,100.00%,10.48%,2.44%,2.74%,3.42%
Uzbek,34.40%,1.85%,2.22%,2.22%,12.67%,0.02%,17.68%,11.96%,0.14%,6.25%,12.51%,2.56%,4.21%,0.06%,0.00%,3.65%,0.00%,8.74%,0.00%,4.55%,2.56%,6.98%,0.00%,0.11%,5.92%,4.84%,0.00%,2.79%,3.81%,5.81%,0.00%,7.22%,12.67%,0.14%,17.47%,0.00%,6.85%,22.69%,1.92%,3.65%,4.94%,2.49%,4.34%,9.55%,6.46%,0.05%,3.47%,5.31%,0.07%,12.67%,10.94%,1.91%,31.83%,21.75%,0.02%,7.51%,2.00%,12.38%,0.00%,5.65%,3.65%,0.00%,2.98%,6.41%,0.00%,2.22%,2.56%,2.22%,6.98%,2.56%,5.83%,10.87%,10.48%,50.00%,0.00%,0.00%,6.43%
Vegan,1.82%,3.27%,15.23%,11.03%,1.47%,2.91%,0.00%,11.81%,0.06%,0.00%,0.23%,2.71%,0.58%,2.98%,15.50%,6.42%,2.95%,4.21%,11.68%,3.78%,0.00%,10.08%,4.67%,5.05%,-0.04%,9.06%,7.43%,4.25%,6.54%,3.66%,0.00%,9.79%,4.77%,6.25%,0.00%,2.32%,0.00%,9.46%,0.86%,6.94%,13.87%,11.18%,7.11%,3.60%,1.09%,9.57%,2.77%,12.81%,13.72%,10.84%,4.38%,2.23%,5.54%,0.00%,3.26%,2.66%,0.68%,1.03%,10.85%,3.45%,0.69%,8.92%,0.82%,-0.04%,5.58%,4.84%,5.15%,6.88%,5.38%,4.73%,12.92%,2.30%,2.44%,0.00%,50.00%,27.67%,8.66%
Vegetarian,2.05%,3.89%,22.70%,19.09%,3.52%,3.60%,0.00%,16.97%,0.30%,0.00%,0.58%,4.87%,1.11%,4.92%,21.62%,9.93%,9.09%,5.06%,14.93%,3.89%,0.00%,17.50%,7.27%,7.17%,-0.06%,8.16%,14.09%,6.05%,9.72%,6.01%,0.00%,15.52%,7.93%,9.77%,0.00%,2.88%,0.00%,16.95%,0.97%,10.62%,21.91%,15.31%,9.55%,5.08%,1.28%,12.75%,4.84%,20.93%,21.35%,14.81%,9.03%,2.96%,10.85%,0.00%,4.32%,3.55%,1.45%,1.76%,17.38%,6.20%,2.21%,14.83%,1.72%,-0.06%,7.20%,7.16%,7.46%,12.85%,7.15%,6.55%,19.37%,4.31%,2.74%,0.00%,27.67%,50.00%,12.44%
Vietnamese,9.18%,2.82%,15.55%,14.81%,3.75%,4.00%,2.35%,41.07%,1.48%,0.81%,22.25%,3.21%,1.07%,6.22%,14.70%,5.24%,6.62%,33.45%,12.00%,34.87%,0.33%,38.61%,6.48%,6.61%,0.78%,7.98%,11.25%,32.02%,9.32%,4.96%,0.00%,12.64%,7.74%,15.69%,16.61%,6.04%,0.89%,20.41%,12.00%,6.98%,15.56%,29.87%,32.75%,3.59%,40.78%,10.44%,25.95%,14.57%,15.22%,13.12%,15.47%,2.49%,14.28%,3.20%,4.78%,4.87%,0.78%,3.38%,10.39%,4.50%,1.00%,16.46%,19.66%,0.83%,8.76%,7.67%,6.48%,11.75%,31.38%,7.19%,50.69%,2.81%,3.42%,6.43%,8.66%,12.44%,100.00%